Matrix A:
8	5	3	5	6	9	7	6	5	6	3	6	2	7	0	1	0	8	3	5	4	7	2	9	6	1	2	1	9	8	7	5	4	2	9	9	0	4	6	8	4	2	2	6	7	4	6	6	6	0	0	8	3	4	8	0	8	6	7	9	6	7	6	9	3	6	7	6	9	7	5	0	4	8	5	6	8	2	9	4	1	2	5	8	9	6	5	5	7	0	0	1	4	3	0	0	4	6	7	9	
2	1	7	9	7	2	3	1	8	7	0	7	9	6	0	8	9	0	5	8	1	5	7	6	6	6	8	4	3	1	9	3	1	0	3	7	5	0	8	3	5	3	6	1	8	5	3	0	5	3	4	1	2	4	6	5	4	6	9	0	0	9	2	8	0	7	3	4	0	5	1	3	5	9	9	3	9	6	9	8	8	3	2	5	0	0	6	5	8	0	5	6	9	1	8	0	4	5	7	7	
3	9	2	8	9	9	1	3	3	6	3	1	7	5	3	8	3	8	0	4	7	4	8	4	4	5	2	5	0	6	1	8	6	9	0	5	1	1	0	3	4	0	5	8	8	3	3	4	8	3	4	1	2	8	8	9	5	5	9	2	7	0	2	0	0	7	1	0	4	5	3	4	6	5	0	2	0	6	4	2	1	8	2	7	9	2	8	1	4	2	3	9	2	8	3	7	5	9	8	7	
3	9	8	6	5	5	8	1	5	2	6	4	9	9	5	6	2	4	9	0	5	7	8	8	1	8	2	7	1	0	0	0	7	2	7	1	3	1	0	6	1	2	1	8	2	1	8	3	2	9	7	6	0	6	5	8	2	0	5	6	4	6	3	8	8	3	2	8	7	4	7	8	3	3	6	4	0	5	0	9	7	9	8	8	7	1	9	4	4	2	9	0	7	4	2	7	5	4	7	5	
0	2	3	3	0	6	7	1	8	1	1	2	9	2	3	5	6	8	1	3	4	4	2	4	2	6	7	7	8	6	2	2	0	8	2	8	7	6	0	6	6	2	9	3	5	2	7	8	0	3	3	4	1	4	4	1	8	5	8	3	4	2	0	4	2	4	9	2	3	5	6	6	5	2	3	3	1	7	2	3	7	8	5	7	5	0	4	9	2	6	0	2	8	8	9	1	8	3	3	8	
7	2	6	1	2	9	4	0	4	5	8	8	6	6	8	1	5	3	1	8	4	7	4	9	8	7	5	5	7	9	0	2	4	1	2	8	9	2	1	5	0	5	9	7	1	1	5	5	6	1	4	2	8	7	9	5	2	2	5	7	9	6	5	6	3	4	6	4	0	6	2	1	0	5	4	9	1	4	0	5	7	4	8	1	2	7	9	8	7	3	1	5	1	9	3	1	3	9	2	3	
3	9	9	0	2	3	2	1	8	6	1	1	4	3	5	2	2	8	6	7	5	4	3	1	5	2	2	1	3	0	7	9	2	2	8	3	1	9	7	8	0	8	0	2	3	9	3	5	4	5	2	6	0	1	1	4	5	4	6	4	2	8	4	4	3	2	8	5	4	1	1	8	3	5	1	4	7	6	8	9	2	7	3	8	5	2	7	2	7	9	8	2	4	5	1	2	2	8	6	2	
8	2	1	3	4	2	6	1	3	1	4	8	0	4	9	2	8	2	9	5	1	6	7	8	2	1	4	8	1	7	9	1	0	0	8	7	8	7	2	5	6	0	0	6	4	3	5	6	4	3	2	5	5	0	3	3	0	2	6	9	2	2	4	5	3	7	8	0	3	7	6	4	5	8	2	4	5	4	3	1	9	7	4	3	1	1	1	0	5	6	2	9	8	4	5	7	8	3	7	3	
7	1	2	6	7	9	4	2	4	1	4	8	8	2	3	1	9	8	8	9	5	4	8	4	2	9	2	9	2	2	7	8	7	9	0	3	1	8	5	2	1	6	9	6	7	5	7	5	9	4	6	9	9	0	2	6	6	6	3	8	6	9	3	1	0	1	1	5	9	6	4	6	1	0	8	9	3	8	3	4	3	8	5	5	2	2	8	1	1	4	5	3	2	0	8	3	0	0	6	6	
7	1	3	0	1	6	0	6	7	8	2	4	5	3	4	2	7	6	9	6	7	1	9	4	9	6	6	2	4	4	6	6	8	1	6	9	3	7	1	4	8	2	4	3	9	1	8	4	1	0	8	1	2	5	8	2	5	4	7	3	5	6	9	3	4	3	7	0	6	6	5	3	9	8	4	6	6	3	5	7	1	2	3	5	9	1	8	8	9	1	8	8	7	7	5	9	6	2	5	7	
6	2	0	6	5	6	6	7	2	3	8	7	8	7	2	4	2	7	9	0	7	1	5	7	9	1	3	0	0	0	9	0	7	2	6	2	5	5	2	0	6	3	1	6	3	9	8	6	0	8	5	9	2	9	0	5	3	9	6	4	9	2	5	5	5	4	3	7	6	3	1	6	7	1	3	4	5	8	9	5	3	5	4	6	6	7	6	0	8	4	6	6	3	9	0	2	0	1	6	8	
1	4	4	7	5	7	1	7	5	4	1	5	1	6	4	9	1	8	0	0	4	1	8	2	7	9	6	2	4	0	0	2	3	8	9	9	7	2	7	8	8	9	1	7	8	6	8	3	6	3	2	7	2	1	2	6	2	1	9	1	5	2	9	8	3	9	6	0	4	4	8	9	2	0	8	6	8	2	6	7	9	2	6	7	0	7	0	5	5	7	8	5	1	0	6	4	9	0	0	7	
0	2	6	8	0	5	4	4	5	1	1	8	0	0	5	5	4	8	0	8	1	8	3	3	6	0	2	8	6	9	3	4	9	5	9	2	4	8	1	3	9	0	4	2	0	2	6	8	6	2	0	4	9	8	3	7	4	9	8	2	2	1	7	9	1	1	2	4	3	5	8	3	3	4	3	4	8	2	5	4	2	0	4	7	4	9	4	0	7	2	9	7	6	5	5	9	8	5	2	9	
1	2	4	8	7	4	1	9	0	0	0	7	4	7	6	2	3	2	6	8	5	4	2	7	8	2	0	2	2	1	7	0	9	4	3	9	8	2	5	9	4	6	6	9	0	5	4	4	7	9	0	3	9	8	8	2	3	9	4	9	1	2	8	3	6	9	1	7	2	5	3	1	5	8	1	2	0	1	0	5	1	8	4	3	7	8	9	1	2	2	7	4	3	2	0	0	3	1	3	8	
1	2	5	3	3	3	3	7	2	1	7	8	2	3	9	4	4	3	5	1	0	2	3	3	8	7	7	6	4	6	1	5	2	1	4	0	4	5	7	8	9	2	7	8	8	4	0	9	4	8	0	9	4	3	7	8	3	6	5	2	9	8	3	5	7	5	2	3	9	2	5	9	3	4	5	2	2	3	1	3	8	2	8	8	7	1	6	7	5	1	9	5	7	6	6	3	7	8	2	9	
6	0	5	7	5	3	2	2	8	1	8	0	6	2	7	0	2	7	8	1	4	8	2	4	9	5	9	3	7	2	1	9	4	6	3	4	5	8	2	8	9	4	1	4	6	9	8	1	8	3	5	9	7	2	5	1	3	9	4	5	3	2	3	9	7	8	9	1	4	7	7	7	9	1	1	9	6	8	6	8	0	4	6	9	8	2	0	3	5	2	9	1	9	1	1	0	6	2	3	8	
0	1	4	6	1	7	5	7	2	7	7	8	5	1	8	4	9	8	7	6	0	2	2	6	9	9	9	4	1	4	4	7	4	8	0	2	2	3	7	7	4	3	5	0	4	6	7	3	6	8	7	9	5	8	2	6	9	0	0	6	9	2	8	8	9	2	5	8	9	1	3	9	2	9	5	1	5	1	5	1	0	4	1	5	1	0	8	3	5	4	1	1	9	6	9	7	5	4	8	0	
9	2	8	2	2	9	2	3	7	1	0	4	1	7	1	2	6	7	2	0	7	2	2	3	0	6	8	5	0	2	2	9	9	0	8	6	8	8	3	5	4	2	3	2	6	2	9	2	1	1	8	1	9	7	3	9	3	5	3	9	6	5	3	0	6	1	3	5	0	3	2	4	3	4	7	5	1	1	2	1	6	2	3	2	1	3	3	2	1	7	0	7	5	5	1	7	7	9	2	0	
8	5	9	4	4	7	6	0	0	4	1	5	6	9	2	2	4	2	9	5	5	2	9	0	1	3	1	5	5	1	8	5	9	9	1	4	6	7	2	1	6	0	9	2	7	7	2	1	9	4	5	4	0	1	8	5	8	0	4	7	5	9	9	8	8	0	5	4	3	4	8	8	7	7	4	4	8	4	0	5	2	0	6	3	1	8	5	9	6	6	0	1	0	2	9	5	9	9	1	7	
9	7	4	0	0	6	0	3	4	9	7	1	2	1	7	6	0	4	8	0	1	4	2	0	1	6	7	2	9	8	5	0	1	4	0	3	7	8	0	3	0	4	9	9	3	9	6	6	8	4	3	2	0	3	8	9	3	7	1	2	6	0	2	5	2	3	9	1	2	5	9	2	9	0	3	9	7	6	7	9	1	4	4	0	0	4	8	4	0	4	4	2	4	0	3	6	9	0	8	3	
7	0	5	2	2	7	3	5	5	7	9	1	8	6	3	2	7	6	0	2	9	9	3	8	0	6	4	1	3	9	5	3	3	0	7	7	4	8	7	2	5	0	3	7	3	7	4	4	8	7	0	2	3	9	9	6	2	3	2	6	7	5	4	5	8	8	2	4	8	6	1	8	6	0	5	1	3	7	8	2	7	2	6	7	1	9	5	0	5	5	6	7	4	4	6	8	7	7	8	7	
5	3	6	3	6	0	9	9	9	2	3	0	2	5	4	7	1	2	6	0	7	3	0	9	2	6	8	4	3	4	9	6	0	9	5	6	1	0	6	3	8	8	5	5	8	0	0	2	8	3	1	7	2	3	9	4	1	7	2	3	6	8	4	4	8	7	0	5	1	5	1	0	2	7	3	6	9	4	2	4	2	2	3	1	4	9	1	4	2	9	0	2	1	1	4	2	5	7	8	8	
2	6	1	5	5	9	0	1	8	0	7	0	8	8	3	0	7	6	2	6	4	4	3	3	5	6	9	4	0	4	1	8	0	8	2	1	4	2	4	2	9	2	7	4	1	7	1	5	1	0	4	1	6	9	3	4	4	2	1	3	5	7	3	3	7	8	2	6	2	3	5	3	6	3	1	8	4	1	4	2	1	8	9	1	0	4	8	7	6	3	7	4	5	1	3	9	5	9	3	5	
0	4	2	6	3	6	8	1	0	0	3	4	9	8	3	7	7	9	3	6	9	6	6	4	2	5	3	9	9	6	1	0	1	5	3	6	6	0	6	4	0	2	7	1	0	4	3	0	8	1	5	7	9	3	4	6	5	3	4	1	1	5	8	4	3	7	4	8	5	4	3	4	9	6	6	7	0	5	2	7	2	7	6	2	8	2	8	0	6	0	3	7	4	7	7	0	2	2	4	0	
9	3	6	4	3	8	8	6	9	5	8	2	5	1	2	4	6	7	9	8	7	8	0	3	4	7	2	0	3	9	2	7	0	5	6	4	1	4	7	2	6	9	1	4	5	0	1	8	2	8	1	5	9	7	9	0	2	5	4	6	1	8	2	6	1	5	8	0	1	0	7	6	1	5	2	6	1	2	4	5	7	4	6	8	3	9	4	0	8	6	2	0	1	5	8	0	2	2	2	1	
4	6	3	9	5	4	8	8	4	9	6	2	3	1	7	6	0	8	8	1	3	2	4	0	3	6	9	5	5	1	2	0	6	7	9	7	1	9	0	5	5	9	7	6	1	2	1	8	9	5	5	6	8	5	0	2	8	0	9	5	5	7	7	4	4	7	8	2	7	4	6	4	9	3	9	6	1	0	5	0	1	2	1	5	7	6	5	2	6	3	5	8	8	8	8	8	2	2	0	0	
4	0	4	0	2	7	3	7	7	2	1	1	3	3	0	5	6	8	6	1	1	4	3	1	1	5	9	8	9	6	5	7	7	6	5	9	2	5	0	2	8	1	3	0	7	2	6	0	1	5	9	2	2	9	7	8	3	7	8	1	7	7	0	8	0	5	0	3	6	1	2	9	4	5	8	5	5	8	7	2	0	9	5	7	3	4	6	3	0	9	5	8	9	8	9	5	7	2	5	3	
7	5	1	6	0	5	1	5	8	7	6	5	3	6	3	7	8	6	9	7	5	0	2	7	6	1	3	9	3	6	1	6	6	6	9	8	2	0	2	0	2	2	9	3	8	7	7	2	6	9	4	0	5	6	7	7	1	6	9	0	3	2	8	3	9	0	3	5	4	5	7	9	6	0	8	7	3	1	5	5	0	7	5	2	6	2	7	3	7	7	5	6	7	0	6	7	1	3	4	2	
2	9	7	7	2	1	2	8	6	8	6	1	9	4	3	6	0	9	5	5	1	2	5	8	1	9	5	4	6	3	2	3	4	1	9	2	3	5	5	6	8	4	5	8	4	4	8	2	5	2	9	4	8	7	9	9	9	0	3	5	5	4	1	4	0	9	4	4	5	9	9	1	6	3	2	5	7	3	9	2	3	2	7	9	1	6	6	4	4	3	6	7	2	2	6	3	2	0	0	5	
1	1	0	5	0	8	4	9	4	5	2	3	1	9	8	4	7	8	4	0	2	3	8	4	8	6	7	0	0	1	7	3	2	3	4	2	5	8	0	9	8	9	3	1	4	0	9	6	8	5	4	2	6	6	9	3	2	6	4	8	5	6	0	4	1	1	5	1	9	5	2	4	7	1	7	6	8	3	7	0	3	1	1	3	2	4	1	3	7	2	9	6	1	5	4	3	4	1	3	8	
7	9	2	4	9	9	6	6	0	2	6	4	6	5	0	2	1	7	3	4	6	0	4	4	5	7	3	2	9	1	3	8	7	3	7	1	7	3	5	4	7	5	4	5	6	5	6	6	5	5	1	5	8	2	9	4	7	6	6	7	6	4	6	3	0	7	0	2	1	7	7	0	3	2	8	2	9	3	0	4	0	7	6	7	4	3	8	2	8	1	8	7	7	4	5	1	2	0	1	8	
6	2	2	2	1	6	7	3	4	9	6	5	8	5	1	0	5	5	5	2	6	7	7	5	5	3	7	0	3	7	3	0	1	8	4	1	5	5	5	3	0	9	8	8	3	2	4	7	4	2	6	1	6	0	3	1	9	6	7	6	5	2	9	1	3	1	9	7	7	6	3	7	4	5	1	2	5	9	1	5	5	0	5	7	1	1	7	2	2	2	9	6	6	0	9	5	2	3	6	8	
9	8	1	7	4	5	6	5	6	1	5	8	3	3	8	5	1	4	8	1	9	3	0	9	6	4	3	5	8	8	5	1	1	7	5	2	8	0	5	1	4	5	7	1	0	9	4	7	7	9	6	1	3	8	8	3	9	7	0	2	4	5	1	2	2	6	9	1	1	6	6	3	9	3	9	7	9	3	5	3	6	7	9	8	8	7	5	8	1	2	1	4	1	4	3	1	6	7	1	7	
4	3	7	5	7	2	6	7	4	9	1	4	8	1	0	8	9	6	2	0	4	2	8	7	0	7	8	9	4	6	9	9	4	5	7	8	6	5	5	1	6	7	1	2	5	3	8	7	9	7	3	9	5	2	7	4	0	6	1	0	7	4	3	9	0	0	7	6	2	5	0	8	5	1	6	3	0	8	5	2	5	1	1	8	8	6	5	3	1	5	5	6	7	6	5	9	6	9	3	7	
2	5	3	1	8	7	4	1	8	1	2	7	9	4	0	9	6	5	3	2	1	5	0	0	7	0	3	4	2	6	5	5	0	7	9	8	1	4	3	8	5	3	0	7	8	2	2	7	3	8	7	5	7	4	6	0	1	1	6	7	5	7	6	8	9	0	3	8	5	0	3	9	5	9	3	2	6	5	1	2	6	7	2	2	4	2	6	8	7	2	8	5	0	4	2	7	3	8	5	6	
1	1	5	5	8	0	7	3	4	7	3	8	7	9	1	3	1	3	1	9	5	4	6	1	6	3	1	1	7	1	4	2	4	9	0	2	9	4	7	7	3	9	9	4	1	4	2	4	4	1	3	5	6	0	7	3	3	1	9	8	3	1	9	1	9	4	8	2	4	8	4	4	4	5	8	4	7	6	0	7	0	6	2	0	0	9	9	0	6	0	4	6	3	2	0	2	3	3	7	7	
2	5	3	1	6	5	5	4	3	8	1	8	3	7	8	4	0	9	6	5	4	6	6	3	5	3	7	9	5	2	2	3	7	2	2	5	5	1	7	8	7	1	5	7	3	2	2	1	2	1	3	8	0	9	3	7	2	6	9	7	0	1	8	9	0	2	7	9	9	9	4	9	5	9	6	4	9	9	3	8	7	2	5	3	6	7	2	1	9	0	5	3	7	0	5	0	9	9	3	5	
1	5	6	7	3	0	0	6	1	6	9	4	1	9	0	1	2	9	8	9	6	6	5	2	8	5	5	1	6	4	5	4	5	3	8	2	3	2	9	9	5	5	8	7	0	7	9	4	7	3	2	0	1	2	1	8	8	5	2	6	9	4	5	5	3	2	6	5	3	8	2	3	6	7	7	3	4	0	7	2	8	1	3	2	5	9	0	9	7	6	3	3	8	8	7	8	0	6	4	4	
9	7	6	3	5	6	9	6	1	7	8	5	0	7	4	3	1	4	3	4	2	4	7	8	3	7	0	6	0	7	8	5	7	5	9	6	5	6	0	6	7	2	4	7	6	7	9	2	1	2	7	1	7	5	8	2	2	9	9	4	6	0	3	2	0	8	1	2	5	9	4	4	2	7	8	4	7	9	4	0	6	2	0	2	3	3	4	0	1	7	9	2	5	5	8	4	9	6	2	0	
5	1	9	1	4	6	9	8	8	0	0	0	9	1	0	3	9	2	8	7	2	5	0	1	4	3	7	6	4	8	2	7	4	7	0	6	3	7	1	7	7	6	8	1	6	8	6	8	8	0	5	7	1	7	6	6	1	0	3	2	8	5	9	2	2	7	4	9	1	9	3	9	4	3	6	6	8	7	9	9	6	4	3	8	8	7	6	9	8	2	8	6	1	7	8	8	8	2	1	6	
2	2	1	8	2	9	2	4	1	3	8	6	9	4	4	6	2	9	9	9	6	9	6	4	4	6	4	9	9	1	7	1	9	2	9	4	7	0	1	6	4	7	3	1	8	6	4	1	5	2	9	7	8	2	6	0	5	3	1	3	8	7	0	9	6	3	1	5	8	9	1	9	5	0	6	8	4	5	8	2	8	2	9	3	5	1	3	8	3	4	5	7	1	2	7	1	6	4	3	5	
1	8	8	2	3	7	6	9	9	9	7	4	5	4	4	8	2	9	5	3	4	6	3	0	3	5	7	6	7	7	1	0	1	1	5	0	0	2	5	8	5	3	7	4	1	3	4	5	3	0	8	0	4	4	0	5	1	2	8	8	6	3	9	1	2	2	5	8	8	0	0	5	5	5	8	4	6	7	9	8	4	6	9	7	7	0	7	3	8	4	5	7	3	5	9	6	5	7	2	5	
1	4	8	8	4	9	2	2	5	9	6	6	2	0	0	8	7	5	6	8	2	2	2	9	4	8	1	9	5	0	0	5	1	2	3	3	7	9	0	8	1	0	8	6	0	0	3	3	0	8	9	5	5	4	9	7	1	7	4	5	7	2	4	6	8	9	4	5	8	8	3	7	2	5	7	9	3	0	7	1	0	6	3	0	4	1	1	7	4	9	4	1	6	5	0	3	0	7	7	8	
6	8	3	4	4	5	9	2	1	6	5	0	9	2	3	0	8	6	4	9	9	8	8	4	3	7	7	2	7	1	7	2	7	8	8	6	1	7	1	7	3	0	9	0	3	3	7	6	6	9	7	4	8	5	1	0	5	0	7	6	8	3	6	8	6	3	9	7	5	6	8	0	3	8	1	4	5	4	8	8	9	6	5	6	9	7	3	8	7	2	2	5	7	0	9	7	1	4	7	7	
8	8	2	6	4	4	8	0	1	5	6	0	1	9	9	9	2	2	0	3	0	6	1	9	1	5	5	3	3	7	6	4	4	2	6	8	2	7	2	4	8	7	1	8	0	2	2	7	3	5	9	9	9	2	7	0	8	0	6	3	7	5	2	9	7	5	7	7	6	5	9	0	4	1	7	2	5	0	3	7	0	8	9	7	1	4	6	0	5	2	5	8	0	0	2	6	1	4	5	6	
1	0	2	5	6	7	2	6	9	5	0	6	5	9	1	8	0	2	2	4	2	0	6	9	8	4	0	3	7	0	2	5	2	3	0	3	4	2	8	2	3	5	3	5	0	7	7	8	7	2	8	1	8	5	0	3	5	3	6	1	3	7	5	0	0	5	9	0	3	2	0	8	3	2	6	6	6	3	7	2	6	1	8	3	0	0	3	4	3	5	9	6	4	4	3	2	6	2	3	7	
0	7	5	8	6	5	7	6	5	7	8	3	0	5	2	4	2	3	5	6	8	2	8	0	0	0	9	6	9	9	7	8	5	4	6	0	9	0	0	6	4	9	3	1	3	6	9	4	9	5	8	6	1	7	9	6	6	4	7	7	4	0	7	0	1	6	1	4	5	1	1	4	2	5	6	7	6	2	2	7	8	5	2	4	5	2	0	2	4	7	5	6	6	1	8	7	3	9	4	6	
4	6	3	8	7	6	3	8	4	7	3	2	5	0	1	4	7	1	2	2	8	1	2	7	1	5	6	9	5	9	5	2	1	1	6	3	2	5	0	5	4	6	2	5	6	9	3	6	4	1	5	5	6	3	5	7	8	6	1	0	1	4	3	6	4	2	8	8	0	2	9	0	3	9	6	9	1	1	6	9	5	5	6	7	8	6	6	3	7	9	8	6	0	3	8	4	0	7	9	6	
3	9	4	4	4	2	9	6	4	1	8	2	6	7	1	0	0	3	5	3	7	5	0	0	3	9	6	5	4	7	6	0	1	9	6	2	4	7	3	0	6	1	2	6	6	0	6	4	2	1	1	0	6	9	1	3	0	0	9	3	2	8	8	5	8	0	2	4	8	2	9	9	4	2	6	3	1	2	8	5	2	0	3	3	7	0	5	3	2	6	4	8	6	2	1	0	2	4	4	3	
7	3	4	9	0	1	7	4	1	2	7	6	2	9	2	0	8	4	9	1	4	0	7	1	9	6	2	9	7	5	4	2	8	5	0	4	5	6	6	2	5	2	2	8	8	5	6	8	7	6	3	4	0	8	2	1	3	4	1	4	1	6	4	7	0	2	9	8	4	0	9	9	3	3	4	1	2	9	3	4	1	0	4	1	9	0	8	7	6	7	6	0	9	3	4	7	0	2	4	0	
7	3	7	2	1	8	7	3	4	4	4	0	2	6	2	2	7	3	4	9	1	8	6	1	2	1	2	3	5	7	1	9	3	3	4	6	0	9	7	4	6	3	4	5	4	8	5	5	9	9	1	2	7	3	0	4	0	5	9	3	9	7	3	6	6	5	4	7	5	4	6	9	8	6	3	2	6	3	6	0	9	7	2	1	5	0	6	3	6	2	9	0	7	9	3	2	4	6	3	2	
3	2	1	8	5	6	2	5	5	1	4	6	8	5	0	0	3	6	6	0	8	4	7	9	1	1	3	7	7	4	7	4	7	2	3	9	5	2	0	9	8	1	7	2	8	2	2	6	0	9	5	6	3	6	2	0	3	3	7	3	1	0	2	1	2	0	8	9	3	4	5	3	6	6	9	3	7	5	5	8	3	3	9	5	7	4	4	4	8	3	1	6	0	3	1	4	5	5	4	6	
4	2	5	8	5	3	1	5	5	6	3	9	5	6	8	3	9	2	8	8	4	5	8	2	6	2	3	0	0	7	9	4	8	5	1	6	4	9	1	5	2	4	9	9	7	4	5	2	5	0	2	5	7	1	2	3	3	6	7	1	8	1	2	9	4	7	0	1	1	8	9	0	0	4	3	6	8	3	5	2	1	6	8	4	2	8	5	5	5	4	9	8	9	5	8	8	3	7	4	7	
3	9	6	8	1	9	4	1	0	5	0	0	5	7	8	1	6	2	9	7	0	4	7	8	0	0	7	3	1	2	1	1	6	0	9	3	7	2	9	8	5	3	4	7	7	9	0	8	0	3	2	7	2	9	9	8	3	9	2	0	0	3	6	7	7	7	6	9	4	6	6	5	9	1	3	6	1	3	0	6	1	0	4	5	7	0	4	6	5	0	7	4	2	1	6	9	2	3	5	4	
3	2	2	6	6	7	0	4	5	8	2	4	2	8	4	4	1	0	1	4	6	5	6	5	5	4	9	8	0	0	3	7	0	4	2	6	9	6	0	6	5	7	2	1	8	5	0	5	6	0	3	0	7	1	8	0	2	5	6	7	7	3	6	8	4	5	0	2	3	8	5	7	3	1	0	4	3	8	0	1	3	9	4	7	2	2	7	1	0	7	4	7	8	3	8	6	1	0	2	1	
1	6	8	2	3	6	9	7	4	1	2	4	4	1	4	5	8	6	0	8	5	4	5	7	0	6	2	9	5	5	3	3	7	2	5	3	3	7	7	6	9	4	3	1	8	9	1	8	4	3	5	7	6	5	7	3	8	4	7	9	3	3	7	3	9	4	6	4	8	9	5	6	7	4	6	9	6	4	1	7	9	9	4	0	0	4	7	1	1	4	1	1	9	6	5	6	6	6	4	8	
0	3	6	2	0	7	9	2	4	8	8	3	6	2	6	6	3	8	6	0	8	8	8	7	3	5	2	4	0	3	7	1	8	6	6	9	7	4	3	1	5	1	3	1	2	2	8	3	4	3	7	8	8	0	7	5	1	4	6	6	8	1	8	1	6	0	7	2	0	6	6	3	6	6	1	0	8	2	8	0	1	7	4	1	8	2	8	9	4	9	4	9	9	5	7	9	5	2	8	7	
4	3	6	7	3	7	8	6	0	6	0	3	5	9	7	5	3	4	4	2	5	7	0	0	9	5	6	8	5	3	0	5	3	5	0	9	6	5	6	8	9	8	3	4	4	3	9	1	1	0	3	0	0	8	9	1	4	9	8	5	2	0	5	5	0	7	9	7	5	3	8	0	5	7	1	4	5	2	9	0	8	9	1	1	1	8	0	8	1	8	8	6	2	2	4	5	4	3	7	4	
6	1	3	5	3	4	7	1	2	6	5	5	7	3	9	6	1	4	9	1	1	4	6	0	0	7	0	2	2	3	2	0	5	8	4	4	8	5	1	3	3	7	7	0	0	8	2	9	5	1	4	9	7	1	0	5	5	0	5	9	5	7	7	9	6	5	5	5	1	9	1	8	8	1	4	8	2	4	6	4	5	3	8	8	6	1	1	6	1	4	1	4	4	5	0	3	8	9	4	3	
4	8	8	9	3	5	1	4	0	1	7	1	7	8	4	6	7	0	1	3	2	8	1	1	8	5	3	6	4	7	8	9	2	8	7	8	8	3	9	2	0	4	4	5	1	3	8	8	7	0	2	4	3	7	4	5	2	4	7	8	4	2	8	2	8	0	8	9	9	6	2	3	7	5	1	5	8	4	1	9	2	3	7	4	7	7	4	8	9	4	5	5	1	7	8	2	1	4	9	9	
1	1	2	8	3	0	9	4	4	7	2	8	0	2	1	7	0	3	2	5	7	9	3	8	3	2	4	6	0	8	3	8	8	7	4	3	7	9	8	8	6	3	1	3	2	5	0	9	3	6	2	6	5	5	5	2	2	0	3	7	8	6	0	0	3	0	9	5	8	6	2	3	8	4	8	3	8	6	6	0	1	3	6	3	9	0	5	2	3	8	2	7	4	0	6	2	6	5	3	3	
5	5	6	3	7	5	2	3	9	9	0	7	8	1	6	7	2	5	2	3	0	1	5	9	1	2	6	2	3	7	9	3	9	7	8	3	5	8	0	9	1	4	8	5	1	1	2	1	6	2	7	1	8	8	5	0	2	4	5	6	3	5	6	0	7	0	9	6	0	8	8	8	1	4	4	1	4	2	2	3	4	9	0	6	1	5	9	6	8	7	3	5	6	0	4	5	0	8	6	9	
8	0	2	1	5	5	8	3	8	6	8	4	3	2	3	8	5	3	1	0	8	5	6	5	5	7	1	9	2	9	1	8	3	0	3	1	4	3	2	0	9	4	0	5	0	9	3	1	2	7	2	9	3	6	9	6	5	7	8	6	7	9	0	1	5	5	0	6	9	6	2	1	2	9	2	8	5	8	9	7	6	8	2	4	8	6	2	6	6	6	8	3	0	1	1	8	4	8	2	8	
1	8	8	2	5	3	5	2	0	2	3	0	9	1	3	5	7	6	5	0	2	3	3	3	9	7	1	0	6	2	3	4	3	4	0	1	2	5	3	6	8	3	7	5	9	6	3	6	7	8	3	1	1	9	7	2	6	1	3	1	5	8	9	6	8	2	4	8	7	6	5	3	6	5	3	6	2	0	0	1	8	0	5	0	9	8	5	7	2	7	3	3	7	9	0	2	5	2	8	1	
4	9	2	8	7	7	2	1	0	8	4	3	7	0	7	9	0	3	4	0	7	3	7	5	6	2	0	6	5	2	0	3	5	3	6	5	6	0	5	9	6	5	0	8	6	6	3	3	2	0	4	8	4	0	7	9	5	5	3	7	3	4	9	4	0	3	0	4	1	8	2	9	6	4	9	8	2	3	8	3	1	1	0	2	6	4	4	1	0	1	4	6	2	3	1	9	1	6	6	2	
0	6	3	8	5	7	7	6	6	0	4	9	7	7	9	9	6	6	5	5	2	5	7	0	9	5	2	4	6	6	6	8	8	4	5	6	1	9	0	1	1	3	6	1	5	7	3	0	5	9	2	2	7	1	9	1	6	6	9	7	0	8	4	9	4	8	7	8	9	3	9	8	4	7	4	5	4	7	8	1	6	6	2	0	6	8	3	6	0	0	1	9	1	3	4	4	1	3	9	1	
9	6	3	2	0	9	6	3	2	9	5	7	6	9	9	9	5	8	7	4	1	7	8	8	4	2	0	1	3	9	3	7	8	7	7	3	8	7	7	6	8	9	9	2	8	9	9	2	6	0	5	5	4	9	8	2	1	0	5	3	5	3	1	5	9	6	5	7	5	6	4	9	6	0	5	9	9	8	9	5	9	6	4	8	5	1	3	3	9	5	0	6	6	0	0	2	0	6	5	3	
0	7	9	6	9	3	9	7	4	7	5	9	5	0	1	6	7	5	6	6	8	6	7	1	5	5	9	3	1	9	6	0	2	4	0	7	3	8	7	4	4	5	4	0	3	5	8	7	6	7	2	5	3	0	2	5	0	3	0	0	4	5	3	3	4	1	4	0	9	9	6	9	2	2	8	0	9	3	2	8	4	1	7	2	5	4	5	2	7	0	7	3	7	4	6	7	8	4	9	1	
1	2	5	9	7	9	9	5	3	3	6	8	8	1	7	0	6	9	2	6	3	3	0	1	6	0	6	0	7	5	0	5	3	2	2	5	1	1	0	7	6	3	4	8	5	6	3	7	8	3	5	3	4	6	0	2	9	4	7	5	3	7	1	4	7	4	5	7	3	8	8	3	1	9	2	2	6	0	5	7	9	5	7	9	6	9	0	8	7	4	6	9	3	8	6	4	9	0	7	4	
9	4	3	4	6	4	7	9	4	9	3	9	9	6	3	5	5	8	6	1	3	7	4	0	1	2	8	8	3	6	3	9	6	2	5	6	7	6	4	2	4	1	9	5	8	9	5	6	3	5	3	5	9	2	7	7	2	9	0	1	9	5	8	2	4	7	3	4	2	6	9	5	9	8	9	7	6	3	1	1	1	5	1	0	2	9	9	0	2	6	0	4	5	5	0	2	6	7	3	9	
4	0	7	1	9	1	3	6	3	3	3	4	1	4	4	8	1	9	9	4	5	5	2	9	9	5	1	2	9	1	3	6	7	6	1	2	8	8	5	2	9	9	3	0	7	2	9	8	6	8	0	4	2	9	5	1	9	8	8	0	0	5	2	7	8	6	3	7	9	0	2	7	1	4	9	4	0	5	6	5	2	6	0	6	1	9	7	5	6	4	0	9	8	0	1	0	1	1	7	5	
0	0	1	7	0	7	4	9	8	1	4	4	7	8	4	0	4	4	0	3	2	2	5	0	8	0	4	9	9	9	0	5	4	9	5	5	4	0	6	7	2	1	5	4	3	9	0	0	4	3	3	9	8	3	2	2	3	0	5	1	4	5	1	8	9	5	5	1	8	1	2	6	0	7	5	5	6	1	5	6	6	2	5	9	8	0	2	7	8	3	9	7	2	4	2	8	4	5	6	5	
6	3	1	6	9	3	9	3	0	4	4	6	8	4	4	3	5	2	1	1	6	1	1	2	9	7	0	6	1	3	4	6	6	2	1	6	9	9	0	8	8	2	1	1	4	3	4	0	3	4	5	0	6	4	8	4	3	2	6	2	7	8	6	2	9	7	3	4	3	1	4	6	6	7	2	9	1	7	4	0	7	4	1	9	3	9	5	8	8	8	2	5	3	7	6	9	7	9	1	2	
6	8	3	3	1	9	2	8	3	0	8	4	6	7	8	4	5	9	7	1	2	1	2	6	0	4	0	4	7	1	7	1	9	2	2	3	2	3	2	1	2	9	8	0	2	1	8	7	9	2	4	3	7	9	3	1	3	6	5	1	1	3	9	2	5	4	5	7	1	5	6	9	7	8	9	2	5	6	7	1	3	3	2	6	7	8	2	3	5	8	3	0	1	4	3	5	7	3	1	5	
9	0	3	6	4	8	2	9	9	8	2	3	6	9	2	6	6	4	9	1	3	8	3	2	9	8	5	5	8	2	2	5	4	0	0	7	8	2	9	3	6	8	0	2	8	4	7	5	4	2	2	6	8	4	5	7	5	3	1	3	3	8	8	4	4	7	5	5	6	5	0	0	4	6	5	4	4	9	0	0	4	0	6	8	7	6	5	9	1	7	1	8	3	5	6	8	3	7	2	9	
9	2	4	6	3	8	0	0	5	7	4	1	4	3	6	8	9	8	8	5	8	5	7	9	3	6	9	5	6	6	2	9	3	5	5	5	8	8	0	9	4	6	2	7	3	6	6	5	7	9	9	3	4	9	8	6	4	7	1	4	5	4	4	2	5	3	0	2	4	0	3	5	7	2	8	4	3	6	5	7	3	9	2	3	0	5	6	6	8	8	6	5	5	4	4	9	1	4	8	4	
3	1	6	3	2	5	6	2	5	5	8	7	4	8	9	8	4	8	8	9	8	8	3	0	7	9	5	6	6	0	0	9	6	9	5	0	4	7	5	4	9	0	5	6	0	8	1	9	4	7	9	0	2	7	8	8	1	3	4	6	5	8	5	3	4	9	8	3	0	5	4	6	2	5	1	4	0	0	2	1	9	8	5	4	1	0	1	5	6	6	3	4	6	2	4	6	9	4	1	8	
0	3	9	4	5	4	0	4	8	0	5	7	1	8	4	9	1	2	5	1	7	1	4	9	9	5	0	4	4	3	8	5	2	9	2	4	2	5	8	5	1	0	8	6	1	6	7	6	5	2	1	3	6	8	2	1	7	0	4	6	5	1	7	3	1	1	7	2	7	7	1	9	4	0	7	3	4	0	7	8	8	1	9	3	3	2	6	6	2	4	9	6	4	4	5	0	4	7	9	1	
0	8	7	1	6	6	1	3	8	8	6	4	3	5	9	3	8	0	0	5	8	6	1	2	5	1	3	6	6	6	9	6	9	9	8	2	3	2	9	6	2	6	5	0	9	3	4	0	9	2	0	5	4	6	7	9	0	3	1	9	5	8	5	3	4	6	9	5	1	2	1	0	9	8	3	5	3	9	6	8	0	5	9	7	8	9	8	1	5	7	5	5	6	9	3	0	7	5	7	4	
7	9	7	3	9	4	8	8	0	1	5	3	1	1	2	8	7	9	5	7	8	2	1	4	9	7	8	3	7	9	6	3	6	5	4	1	4	1	4	5	9	5	9	9	7	8	4	8	5	6	0	5	7	9	9	8	1	6	7	2	1	4	2	8	0	6	2	9	4	6	2	5	1	5	6	2	7	8	1	4	7	0	5	5	2	0	1	4	2	7	2	8	5	1	5	2	5	7	2	4	
1	9	1	7	9	0	0	3	9	1	9	1	5	7	2	0	1	2	2	9	7	6	1	8	8	4	5	5	2	4	8	1	4	0	5	3	0	4	1	9	2	0	7	5	4	4	3	3	2	4	2	2	5	1	0	3	2	4	8	5	2	4	8	4	4	2	9	6	7	7	5	0	2	1	8	5	1	9	1	1	1	0	8	0	9	8	8	3	0	4	9	9	2	8	3	5	5	1	3	3	
9	0	0	8	0	1	5	0	3	4	4	1	4	4	3	9	6	9	6	4	6	8	3	8	4	6	1	4	2	4	1	0	8	4	8	3	0	3	8	8	9	5	5	4	4	5	7	5	5	2	6	0	1	5	0	1	5	4	5	4	8	6	5	0	9	3	7	1	9	8	9	0	0	6	6	1	1	3	3	8	9	2	6	4	9	0	8	9	7	3	2	6	3	3	9	0	6	8	0	5	
3	1	9	5	3	2	9	2	0	1	8	4	3	9	9	3	8	8	0	8	3	9	2	3	8	4	1	8	7	3	5	2	8	8	4	5	5	7	3	7	9	4	8	0	0	7	5	0	2	6	3	6	3	4	3	7	1	6	9	9	5	4	2	6	8	2	1	9	3	7	6	5	1	8	7	5	3	2	0	7	9	6	8	2	6	2	1	2	4	6	9	6	4	1	6	0	3	8	7	4	
2	6	9	7	8	4	2	3	7	2	4	0	3	9	9	4	9	5	5	6	5	9	5	4	6	5	7	3	9	5	6	8	3	4	1	5	2	0	4	3	2	8	5	3	4	5	6	6	3	5	8	3	5	6	2	4	6	8	9	6	0	4	7	0	6	7	9	8	3	4	3	1	3	0	5	4	6	4	8	8	5	4	0	0	2	6	4	8	1	0	2	9	2	3	8	5	0	4	6	3	
4	6	1	4	0	2	0	8	9	4	8	3	6	7	5	2	1	1	4	0	6	7	4	2	7	7	6	6	3	7	5	3	4	6	3	9	8	6	2	2	9	9	2	4	9	4	3	7	8	4	9	3	4	1	9	5	7	3	4	3	0	0	8	0	9	5	2	1	9	2	1	6	6	0	7	2	9	3	3	5	0	8	5	4	2	5	4	5	1	4	0	7	9	0	3	2	9	7	4	3	
0	3	5	0	7	3	7	5	1	7	6	4	9	8	7	2	7	0	5	0	5	7	6	5	1	2	0	1	1	9	4	9	1	1	2	6	8	9	0	8	6	6	2	6	4	6	9	3	5	6	8	2	8	8	7	3	1	6	1	2	4	4	3	3	0	2	3	0	8	7	0	6	7	7	7	4	7	9	7	2	7	6	4	0	2	2	4	6	6	1	8	5	2	5	9	6	4	4	4	1	
1	2	1	9	4	6	4	6	0	5	7	4	7	9	9	4	2	4	3	7	5	7	7	0	2	5	3	9	3	9	7	1	8	1	3	8	2	7	6	0	5	4	9	7	4	3	1	0	8	9	3	8	7	8	3	2	5	6	9	1	1	8	5	8	3	2	7	4	5	4	9	5	2	0	1	6	6	1	1	1	9	2	0	0	7	2	0	9	5	5	1	1	0	1	9	9	5	0	0	5	
2	2	9	7	2	4	0	8	0	2	0	1	6	3	2	6	4	6	2	7	7	7	7	7	8	4	7	6	7	4	3	4	7	3	6	9	9	0	9	0	0	2	8	4	5	7	5	2	7	8	8	4	1	5	5	4	4	3	9	2	7	2	0	2	9	8	1	9	6	9	2	2	9	3	5	5	8	8	4	7	5	6	2	3	1	6	7	7	2	4	3	5	3	3	5	7	5	3	7	5	
2	1	1	7	7	5	0	8	5	4	2	6	1	4	6	7	2	0	6	0	6	3	6	7	3	3	5	0	8	4	6	9	5	8	8	0	5	4	8	7	6	7	8	4	1	8	6	0	2	0	7	5	7	0	3	0	3	1	2	2	6	6	0	9	7	1	7	5	8	1	7	8	7	7	7	5	0	1	6	1	8	5	6	5	6	4	4	4	5	9	1	2	7	1	2	2	8	4	2	6	
7	4	7	8	6	1	7	5	8	9	6	9	2	8	7	8	8	9	3	8	9	1	3	2	2	3	3	3	2	6	0	0	3	9	9	8	5	5	1	1	0	6	5	7	4	6	4	4	7	7	7	6	8	4	6	0	4	0	9	2	9	3	6	9	3	0	7	7	4	2	1	7	8	8	9	8	0	7	5	1	4	3	9	5	1	4	7	8	7	0	2	5	1	8	0	7	4	6	7	5	
4	7	4	7	9	5	4	5	2	4	8	7	2	3	3	1	6	6	8	9	3	5	0	8	6	8	0	6	3	9	0	1	4	4	9	5	1	3	2	7	8	2	6	6	2	6	1	6	0	4	4	7	9	7	0	7	6	3	4	4	7	0	1	6	6	8	8	3	6	3	8	2	1	4	9	4	8	4	1	9	7	9	7	2	0	1	1	9	5	4	4	5	6	0	2	6	1	9	4	5	
7	1	5	2	7	5	2	7	8	3	4	2	6	8	9	7	5	7	3	4	9	2	2	4	9	0	1	5	1	2	9	5	9	7	7	3	3	4	6	9	9	9	3	1	7	3	6	1	8	3	8	1	7	4	7	6	8	3	8	9	0	9	7	7	3	9	3	9	9	8	3	8	0	3	0	4	7	1	5	7	8	5	7	6	9	9	7	7	4	9	2	0	6	6	4	3	2	1	5	1	
7	9	8	4	8	3	1	8	8	3	8	2	7	9	2	7	0	0	7	4	7	7	4	9	4	6	8	1	1	6	5	4	6	4	8	2	8	2	7	7	4	4	7	4	8	8	9	1	2	5	2	9	0	9	2	1	0	9	5	1	9	6	4	6	0	2	1	0	4	0	0	1	3	7	8	9	5	8	1	9	4	3	6	3	9	1	6	2	3	5	2	3	6	1	0	5	8	3	3	4	
4	5	0	3	7	6	4	6	3	7	9	4	0	1	8	5	8	1	5	9	9	7	0	5	8	7	4	1	1	8	9	5	1	6	0	7	6	8	8	8	5	5	7	9	6	0	0	9	2	2	4	9	4	0	8	5	2	0	7	0	7	4	6	8	8	5	5	4	0	3	5	2	2	2	5	7	8	3	9	8	4	4	5	5	0	8	0	0	7	2	5	7	6	6	8	9	2	0	5	2	
7	9	1	3	7	7	2	9	8	4	4	5	7	5	6	7	0	7	6	4	8	0	4	8	2	9	5	3	3	5	8	7	3	8	8	9	5	0	4	2	0	0	0	3	4	5	1	5	0	7	8	1	9	4	2	3	7	2	4	9	4	4	1	5	6	0	9	1	9	1	0	5	2	4	8	5	2	0	7	5	7	7	9	4	5	0	8	9	1	2	2	8	9	9	9	8	0	2	1	6	
8	8	9	2	0	7	8	7	0	5	9	4	3	4	8	2	9	8	8	2	2	3	3	3	6	8	4	5	9	0	9	4	3	5	1	7	4	2	2	9	6	3	3	6	2	8	0	3	8	4	6	8	2	6	4	0	8	8	4	6	6	1	7	6	3	3	8	2	4	8	8	6	4	8	9	3	0	5	6	6	6	1	4	2	1	2	8	1	9	9	2	0	5	4	7	7	1	6	8	6	
2	9	9	7	1	3	4	8	8	2	3	6	5	7	8	0	0	2	9	7	3	1	6	1	7	0	8	7	7	2	2	2	6	4	7	5	6	1	7	9	8	1	0	2	6	6	0	8	8	1	6	5	5	0	8	5	9	6	0	9	4	5	6	1	6	6	1	1	4	6	8	0	3	0	6	7	4	2	7	5	5	9	7	6	8	0	3	9	5	0	0	2	4	9	8	3	1	2	2	1	
5	9	3	6	4	9	9	9	8	9	3	7	0	5	0	7	5	6	1	5	4	9	3	2	6	8	6	2	7	1	6	0	0	9	0	3	9	3	4	8	5	4	8	6	5	8	7	4	7	6	4	1	9	4	7	4	6	1	4	6	3	9	3	0	2	0	6	5	4	0	8	1	9	5	7	9	5	5	4	6	6	4	4	1	0	7	7	9	9	2	6	0	2	3	0	0	8	4	2	9	
7	9	7	8	2	4	6	8	0	9	7	0	4	0	5	3	7	5	5	7	2	9	1	8	0	8	8	3	8	3	2	9	8	7	3	9	5	7	9	5	3	0	9	0	0	9	3	6	8	0	8	1	4	2	7	8	2	7	3	5	9	5	4	1	7	3	1	2	1	4	8	7	2	1	3	9	8	3	3	7	7	3	9	4	2	3	6	1	5	1	4	5	3	5	2	7	6	7	2	2	
3	4	1	4	5	1	9	4	4	9	9	0	6	6	2	6	7	3	9	5	7	8	8	8	9	9	5	2	3	2	9	2	3	7	0	6	2	9	3	1	3	6	9	9	7	3	3	8	6	8	8	8	0	1	3	3	2	3	2	1	0	8	4	1	6	5	8	1	7	0	3	8	9	3	4	6	7	7	3	7	6	6	9	5	0	3	5	6	6	3	7	1	4	9	9	7	2	2	5	6	
Matrix B:
1	6	9	1	2	7	2	9	1	0	2	9	6	2	4	7	7	8	4	6	2	2	6	4	6	4	9	6	2	5	1	3	3	2	1	3	1	6	9	4	4	0	2	6	2	2	0	7	8	0	2	5	3	3	3	2	8	6	3	8	8	9	3	3	4	1	4	5	8	6	3	3	8	5	0	9	8	4	8	3	2	5	3	1	2	2	8	9	7	8	0	1	9	6	4	7	4	0	6	1	
1	3	7	9	7	2	6	1	7	4	2	5	3	2	7	8	1	7	2	3	6	5	5	0	7	5	7	8	5	3	3	6	4	9	3	2	8	9	3	1	0	1	6	4	8	8	1	2	8	8	9	1	1	5	6	7	9	6	0	4	8	5	6	3	6	6	7	3	5	1	9	4	8	8	9	9	1	4	2	8	2	5	9	1	7	4	5	1	4	7	1	4	0	1	2	6	7	8	5	1	
5	3	8	8	5	8	4	2	4	9	6	8	0	9	9	4	2	1	1	3	7	8	4	2	1	9	2	2	8	3	0	3	4	3	8	6	3	4	5	7	8	3	0	0	9	8	7	4	6	8	7	9	0	7	7	6	0	3	0	2	3	0	5	3	6	0	7	1	6	6	6	2	7	5	8	1	6	9	8	1	9	4	5	6	6	7	5	7	1	4	8	3	5	1	0	5	3	6	9	2	
6	5	8	1	6	0	4	0	5	5	5	8	5	4	4	7	0	8	0	8	8	2	7	1	8	8	7	2	9	8	7	5	6	7	0	9	7	6	2	3	0	9	4	8	0	8	5	7	3	8	0	0	2	6	2	7	7	2	1	6	8	8	0	4	5	4	2	4	5	8	2	3	0	0	1	4	8	1	4	8	9	1	4	4	9	3	8	2	5	1	1	9	4	4	5	3	6	2	0	1	
2	1	4	1	0	8	8	1	5	2	3	6	4	3	7	1	0	6	5	2	9	4	9	2	3	9	4	6	9	8	1	2	0	4	6	8	9	6	0	8	9	4	9	4	5	1	5	6	1	7	1	2	8	0	9	9	5	9	1	6	9	6	5	9	1	6	2	0	3	4	2	4	8	0	3	2	7	1	8	2	0	3	9	2	7	3	9	0	0	7	6	6	0	8	4	5	7	8	4	5	
1	0	8	5	0	9	9	4	8	9	9	6	3	6	2	9	3	1	2	1	6	7	6	2	1	4	7	4	6	1	5	9	7	3	6	3	9	2	3	0	2	1	6	0	4	6	0	4	1	9	7	7	5	3	4	5	6	4	3	6	4	3	7	3	0	9	2	5	9	3	4	7	2	1	7	2	3	5	7	8	8	7	8	2	8	4	5	7	4	7	6	1	9	1	7	7	6	7	5	2	
3	9	1	0	3	0	9	6	0	6	4	4	3	9	9	2	7	4	6	3	8	4	0	3	7	0	8	0	6	0	2	0	1	7	0	6	2	6	1	6	4	1	4	2	5	1	9	8	3	4	6	8	9	3	7	5	3	3	0	4	9	8	9	0	2	1	8	5	8	5	7	0	9	8	3	8	4	1	3	6	8	2	4	7	8	1	2	8	4	9	3	2	6	3	4	5	8	6	4	4	
8	9	3	4	6	8	8	7	3	5	8	6	7	3	3	7	2	1	0	8	2	4	2	9	0	4	0	0	2	6	2	4	6	6	0	5	9	8	6	5	8	9	9	7	2	8	9	0	4	7	1	1	0	5	2	3	2	3	6	9	8	9	7	3	7	4	8	9	5	0	3	0	0	2	7	1	8	1	7	8	3	6	3	5	2	7	5	1	7	8	2	6	0	8	3	0	2	8	6	0	
6	8	1	0	9	2	4	8	6	5	4	8	0	8	5	2	9	1	2	2	2	9	8	3	0	8	2	2	8	4	4	3	5	2	9	8	8	1	3	3	0	5	6	1	0	2	6	7	1	0	0	5	4	8	7	5	4	3	0	4	1	2	4	0	3	9	2	3	8	2	6	2	2	2	1	6	6	1	6	4	7	8	9	6	1	7	5	0	4	1	9	0	5	2	1	5	6	4	4	2	
0	8	5	5	8	1	6	0	9	0	3	1	9	6	9	4	2	9	8	8	6	0	5	4	3	8	4	9	5	1	2	5	1	7	0	4	0	7	0	1	6	5	9	3	3	5	7	0	3	8	5	4	4	7	9	6	7	3	7	8	7	8	3	1	8	4	0	8	7	1	4	2	7	7	9	0	7	8	6	4	1	0	1	8	2	1	2	3	1	1	4	4	2	1	5	1	6	9	8	9	
2	3	6	6	7	0	2	9	9	8	0	7	4	1	4	8	0	4	6	1	1	2	8	8	8	7	0	1	2	7	2	3	9	8	4	7	7	4	2	2	9	5	4	8	3	1	6	1	0	0	1	0	1	2	5	2	5	7	9	2	3	2	7	7	3	7	9	2	4	7	9	7	1	2	7	3	6	1	6	7	3	5	5	9	0	7	9	0	7	1	3	9	2	9	5	1	3	8	8	8	
0	3	2	5	1	0	1	3	9	3	2	2	0	8	0	5	2	3	3	5	1	7	4	6	0	9	2	5	1	4	7	9	8	9	1	1	9	8	6	1	7	3	4	9	9	6	4	6	3	1	8	9	2	2	3	8	2	4	9	0	4	1	8	5	6	7	2	4	6	5	3	5	2	5	5	2	5	9	4	9	4	3	2	6	4	2	7	4	1	4	2	0	2	7	2	7	9	7	1	5	
4	1	7	0	8	7	4	7	0	3	5	3	6	1	7	6	2	2	6	4	1	6	6	5	0	4	6	7	8	1	6	5	6	9	4	1	2	5	3	4	4	1	1	7	5	8	2	0	9	1	2	9	5	5	1	0	4	4	8	6	0	1	9	7	4	7	3	2	1	2	8	0	7	1	6	0	0	7	6	4	9	5	8	2	6	7	3	5	7	6	1	4	4	2	8	1	0	7	8	4	
3	0	8	5	7	6	9	0	1	2	8	4	1	9	1	1	3	3	9	0	5	2	2	1	1	8	3	1	1	9	7	6	2	5	0	3	1	3	9	6	2	8	3	5	5	2	3	7	8	7	8	2	4	1	7	8	4	9	8	4	9	9	6	8	1	3	3	9	3	4	9	2	4	5	4	3	3	7	6	5	8	0	8	7	4	8	5	4	1	9	3	3	8	4	1	1	6	8	2	9	
6	4	1	5	8	7	7	9	9	1	5	8	5	2	7	5	1	0	2	5	3	4	6	8	8	0	0	2	3	9	0	7	5	0	7	8	9	7	4	9	6	5	3	4	8	2	2	5	7	6	8	8	6	9	0	6	4	8	1	6	3	4	1	8	6	5	6	5	0	1	9	1	2	4	3	4	0	1	9	7	4	4	3	8	5	4	3	0	1	9	2	5	0	9	1	0	4	2	5	5	
2	0	0	3	8	6	3	5	6	5	3	9	0	9	5	9	8	4	5	9	7	6	3	4	7	2	9	7	5	4	4	5	2	9	9	5	8	2	7	3	7	0	0	5	0	0	4	8	6	2	9	3	6	5	7	2	6	9	4	0	9	8	0	2	5	1	6	8	0	1	4	9	6	9	4	4	4	2	5	6	3	3	4	8	8	9	4	7	8	3	5	5	0	8	3	8	6	3	8	6	
5	4	5	8	2	4	0	0	1	2	1	4	5	6	0	8	1	8	5	8	9	8	9	4	2	7	9	2	0	1	9	8	9	0	5	0	9	5	7	1	1	0	8	1	9	5	7	0	8	2	9	6	4	3	7	1	8	0	4	1	8	6	5	2	3	9	8	4	4	8	3	6	2	7	8	5	1	7	1	0	4	7	4	0	8	7	7	7	4	3	0	7	8	8	9	4	1	8	4	7	
3	5	8	5	1	9	1	4	7	4	1	8	9	8	0	4	4	9	9	5	7	3	3	7	9	3	2	5	5	0	7	5	9	4	7	2	8	8	5	7	6	6	6	1	0	9	2	0	5	7	4	0	8	2	4	8	1	5	6	7	7	9	0	7	6	3	8	2	9	0	4	9	9	2	6	3	7	6	9	7	0	4	7	4	7	2	2	8	3	1	5	0	4	6	3	6	5	1	9	3	
6	9	1	3	1	4	1	0	9	8	5	8	6	0	0	2	0	4	8	2	9	5	9	2	6	1	0	9	2	6	3	3	8	6	4	0	9	1	2	2	8	4	1	8	6	6	5	5	1	5	0	1	4	8	3	8	8	5	5	4	8	4	5	5	4	1	2	6	1	6	4	2	1	8	6	6	3	7	4	7	7	5	8	7	6	9	2	8	1	0	3	4	1	2	1	1	2	7	8	7	
4	1	7	7	2	0	0	0	3	3	6	2	5	2	1	9	7	5	8	2	5	2	4	3	2	8	1	7	4	7	0	4	4	4	3	0	5	3	1	7	1	9	6	7	6	4	3	2	8	9	7	3	8	8	9	8	0	7	2	3	0	3	9	5	8	2	4	7	8	9	2	4	5	2	8	7	9	8	1	9	2	1	8	1	4	0	0	2	8	3	4	0	6	2	1	2	1	5	9	4	
3	0	8	1	0	6	4	8	8	1	6	4	0	4	6	8	0	7	1	1	7	9	7	0	1	9	5	7	7	3	9	1	2	7	5	3	4	1	5	2	5	7	6	0	7	4	9	9	9	1	8	7	8	2	9	7	6	1	0	9	7	6	4	7	5	4	8	7	8	2	0	1	2	0	6	4	8	7	7	4	4	3	0	4	2	0	0	4	1	5	6	3	9	0	2	5	4	8	2	1	
0	0	7	5	2	8	0	4	2	8	6	3	2	6	7	2	6	2	2	9	1	4	3	0	1	3	0	0	1	3	7	8	7	1	2	6	2	0	1	9	7	3	5	7	3	6	3	5	1	7	1	6	3	7	6	8	6	6	3	0	0	0	7	5	1	0	7	0	2	5	5	1	1	3	3	8	9	2	6	3	9	5	5	6	5	0	6	0	5	1	8	9	1	0	5	4	5	5	7	8	
3	7	4	7	9	9	8	4	2	9	7	6	3	0	8	7	8	8	1	1	7	2	8	3	6	9	2	4	0	5	3	4	3	0	2	0	1	3	4	1	1	6	3	4	1	9	6	7	4	2	0	1	3	3	2	0	8	6	2	8	5	0	3	9	4	5	8	9	0	1	7	8	6	4	1	4	8	5	9	9	5	1	5	3	6	2	6	3	9	4	6	4	9	5	7	9	0	8	2	1	
2	8	6	1	0	0	5	4	6	2	4	1	9	7	9	8	1	0	2	3	4	4	4	9	5	3	4	8	0	0	8	0	6	2	2	6	3	4	1	4	4	9	7	3	0	3	1	8	9	7	3	6	4	1	4	4	4	4	8	2	0	4	8	4	2	3	1	6	2	5	8	1	3	1	0	6	0	5	3	8	1	5	6	4	7	2	2	3	4	0	3	7	1	8	9	2	7	9	2	1	
5	4	7	4	4	2	2	8	5	7	1	1	2	2	4	1	4	6	4	7	3	2	1	7	1	9	0	2	0	8	1	5	0	6	5	7	9	5	1	1	3	3	2	1	9	2	2	3	8	5	4	7	8	1	4	4	0	6	6	4	8	4	8	9	9	8	6	5	2	6	9	6	8	2	1	5	0	9	5	7	9	0	8	8	5	9	6	9	1	2	1	0	4	7	8	7	0	2	8	3	
8	6	0	1	2	8	4	4	6	2	5	5	3	6	4	1	6	7	1	3	4	4	7	5	1	6	3	1	7	1	6	0	2	0	8	4	7	6	8	1	1	3	8	9	4	1	4	2	2	4	7	0	4	9	1	8	2	5	0	0	6	8	9	4	7	5	9	1	3	0	6	1	0	8	3	0	0	2	9	3	3	2	0	8	3	8	4	2	2	0	4	6	9	6	3	6	8	3	2	5	
4	7	2	4	5	9	7	6	1	3	3	3	8	0	8	4	1	3	3	7	6	0	6	3	6	8	0	7	1	7	3	2	0	4	2	8	3	0	6	9	1	0	7	5	8	1	3	9	4	9	0	0	9	9	1	3	3	9	7	9	8	7	4	8	0	7	1	8	1	2	6	6	4	4	6	2	0	5	6	5	7	9	9	2	2	2	6	1	4	1	7	5	4	1	8	2	2	7	6	3	
0	9	4	3	8	0	6	7	5	0	1	1	8	1	3	7	7	5	4	4	1	3	8	8	4	3	7	8	5	3	9	8	1	1	4	8	6	6	7	2	8	6	4	6	6	6	8	4	1	1	0	3	4	8	1	5	3	9	5	8	2	4	1	7	3	4	8	6	1	5	2	1	0	1	0	5	2	0	3	6	6	9	1	0	6	9	3	4	3	4	7	9	5	3	5	7	9	8	5	7	
7	6	6	7	4	6	4	2	0	5	3	7	9	3	7	5	1	3	4	1	9	2	4	1	1	8	3	5	6	6	6	3	9	8	5	8	7	5	6	9	1	0	6	0	0	4	5	2	6	6	8	9	6	6	2	2	7	0	9	3	3	2	7	3	3	2	0	0	2	2	4	2	0	8	1	4	0	7	0	6	0	5	8	2	1	1	7	7	9	6	4	2	1	0	0	1	3	3	4	3	
8	7	8	0	5	3	4	5	7	2	1	0	9	1	7	6	8	8	4	2	3	3	9	5	9	2	4	5	1	6	1	2	0	4	9	9	4	1	0	8	5	5	3	1	8	7	1	1	1	7	4	3	7	8	6	9	7	4	1	6	5	7	1	8	3	4	2	3	7	8	0	8	1	7	9	5	2	4	7	6	5	5	1	0	7	0	3	0	2	9	3	4	4	9	1	4	1	3	3	1	
8	9	0	6	0	2	0	0	5	4	4	0	9	8	7	0	7	4	7	1	4	3	3	5	8	3	0	4	1	7	6	5	2	7	4	6	9	2	7	8	9	6	8	0	8	6	5	5	7	6	1	2	0	8	4	1	6	1	2	9	5	2	0	3	2	2	7	6	1	3	5	5	0	5	9	8	9	3	3	7	0	7	6	2	8	0	0	5	0	9	0	8	6	6	6	0	4	4	0	4	
6	3	8	6	4	6	8	9	7	2	3	9	5	8	8	4	7	3	5	3	3	6	9	7	2	4	8	6	9	3	7	3	6	4	5	9	9	0	0	4	7	3	6	3	0	9	5	2	7	5	6	3	1	6	9	5	0	2	0	5	0	2	7	9	8	8	6	8	3	5	9	7	9	9	3	5	0	1	0	2	6	0	6	6	9	7	8	3	3	0	6	2	7	2	3	8	3	0	3	6	
1	4	4	5	7	8	0	8	1	4	4	4	3	7	1	4	1	1	1	7	6	0	7	3	7	5	7	5	4	2	9	7	8	1	2	3	0	6	5	8	2	4	2	2	6	6	3	1	5	9	9	4	0	0	8	2	2	3	7	5	5	6	3	4	6	2	3	9	4	0	0	3	5	8	8	2	9	7	4	8	3	1	8	7	6	2	5	9	4	7	6	9	5	8	5	1	0	1	9	2	
8	8	6	2	5	1	6	0	9	1	7	7	0	0	3	6	1	5	2	5	5	7	5	8	4	6	9	6	7	6	1	1	8	2	6	5	4	5	1	8	9	0	1	0	2	5	8	6	4	1	6	2	2	8	6	4	1	3	2	0	5	0	6	9	5	0	2	0	0	5	7	6	5	0	0	8	8	3	1	0	6	8	1	0	1	5	2	1	8	9	2	7	1	9	2	8	7	6	6	0	
5	0	7	2	8	5	4	3	3	0	8	7	4	0	7	2	1	2	1	8	0	8	1	5	9	2	9	4	7	2	9	5	7	7	6	4	6	1	9	9	5	9	7	1	1	9	7	4	2	2	7	7	6	6	2	4	7	2	4	1	8	2	2	9	4	7	8	6	8	6	6	8	1	2	8	1	7	2	4	2	4	4	6	0	7	1	2	2	3	7	2	4	1	7	1	5	2	9	0	5	
1	0	6	9	0	3	5	8	3	3	0	9	0	1	4	9	4	8	3	2	1	0	4	5	3	9	0	3	1	9	8	7	2	0	7	4	4	5	8	8	1	0	7	7	6	4	9	3	2	7	9	5	5	1	2	0	7	6	5	7	9	0	1	0	9	8	0	7	9	1	1	2	0	7	6	0	3	4	3	1	2	0	2	9	7	6	4	2	0	0	7	5	2	1	4	5	5	4	5	9	
1	5	5	4	2	6	4	7	3	2	8	4	3	5	3	8	9	2	7	2	1	5	3	8	1	9	5	1	3	0	2	6	0	4	6	7	8	8	5	8	4	2	0	0	0	0	7	8	1	0	8	1	7	8	3	2	6	3	2	1	2	8	6	3	6	7	9	0	5	5	1	7	0	9	0	8	8	4	2	9	7	0	8	6	5	1	1	5	0	6	8	3	4	7	1	8	9	5	1	6	
8	5	5	8	8	2	4	9	4	7	9	4	7	7	1	3	2	6	0	6	9	2	0	9	1	1	2	9	2	7	6	4	3	4	9	6	8	9	5	1	0	7	4	9	1	6	1	0	6	1	7	1	6	6	2	7	8	8	9	2	0	8	4	8	6	4	5	0	1	1	6	1	5	8	5	2	6	6	2	6	8	6	6	6	5	9	5	2	9	0	6	3	7	2	4	7	2	4	6	9	
4	4	9	8	7	2	1	2	0	2	9	0	2	4	5	2	5	9	9	2	0	5	0	9	6	2	9	5	8	8	4	7	3	9	6	4	9	3	6	7	8	7	6	1	9	5	8	7	9	2	2	8	7	0	6	5	7	1	5	7	6	6	3	1	3	6	4	8	9	6	3	4	0	7	9	4	7	7	6	3	9	3	2	8	4	9	8	7	6	8	1	2	2	6	1	0	7	7	0	5	
6	3	8	7	3	5	2	5	5	8	6	1	7	0	6	3	2	4	8	8	8	6	4	4	1	6	2	6	1	1	4	9	7	2	5	0	1	2	4	9	8	8	6	5	9	0	7	6	1	7	3	9	1	5	0	6	2	8	4	3	7	4	5	3	5	9	5	5	7	3	9	5	1	0	0	5	5	4	0	5	9	4	3	1	2	8	1	7	0	4	8	7	9	8	4	6	4	0	2	2	
6	9	4	5	3	0	2	3	9	8	0	7	3	8	7	6	5	8	8	6	3	1	4	4	5	6	5	2	2	2	9	0	6	2	5	6	7	8	5	8	3	1	1	1	5	0	1	6	6	8	8	3	8	3	0	1	4	9	2	2	0	3	9	0	5	9	4	1	0	6	4	4	0	6	8	4	6	0	3	3	1	1	3	3	1	4	5	7	9	5	8	5	3	5	6	2	9	0	3	8	
7	2	9	3	3	8	7	2	0	6	0	8	6	5	0	5	5	1	5	6	0	6	4	4	1	8	0	7	8	7	3	8	9	0	3	8	4	0	1	4	2	8	8	3	9	3	0	3	0	8	8	0	6	5	8	0	2	4	5	6	3	0	8	4	5	4	0	9	6	3	9	5	8	1	2	0	4	5	5	4	7	4	6	7	4	0	5	7	3	0	2	6	7	5	8	6	0	7	0	0	
0	4	9	5	7	9	5	0	9	5	1	9	5	1	5	5	0	9	6	1	1	2	2	7	2	1	5	3	1	9	4	8	6	1	0	7	2	1	7	1	5	5	1	4	1	1	1	1	1	9	1	1	7	9	3	5	4	4	2	4	7	4	0	9	9	7	0	0	4	5	8	3	0	9	8	8	6	0	7	3	9	2	2	0	5	6	5	5	1	3	6	7	8	7	7	9	7	3	1	8	
0	1	2	9	1	4	4	2	7	3	1	4	6	1	4	9	2	4	3	7	6	7	0	7	7	0	3	3	8	0	9	8	5	4	6	7	4	8	4	7	7	0	7	8	7	0	0	9	2	4	3	1	7	4	0	3	8	3	4	9	2	1	2	9	4	7	9	7	0	2	6	3	1	4	9	9	6	2	4	6	4	2	9	5	5	7	4	7	5	6	7	5	4	4	8	9	2	4	3	8	
5	3	4	0	2	9	6	1	2	2	3	6	0	3	5	5	2	9	9	6	7	3	7	4	8	2	6	1	4	6	8	0	2	9	8	2	3	5	1	6	7	0	8	0	5	1	9	8	9	5	8	3	4	0	8	8	3	0	1	0	9	4	9	7	4	3	0	2	5	5	6	9	5	9	3	9	8	6	8	9	6	6	2	1	6	3	4	7	1	5	4	6	2	6	0	2	7	5	2	2	
8	9	0	1	8	6	8	4	6	5	9	6	7	9	3	0	6	3	0	4	9	0	9	6	1	9	7	5	0	9	8	2	7	7	7	2	6	6	6	0	0	4	1	5	4	3	9	6	1	0	2	7	9	1	4	9	3	1	9	8	4	1	6	7	0	7	5	4	6	2	4	1	5	5	5	8	5	6	3	5	4	6	1	4	4	3	9	2	0	1	3	3	3	7	0	4	8	5	9	9	
8	7	4	4	8	6	9	7	8	5	6	2	0	9	3	1	2	7	1	9	8	5	3	6	3	2	5	2	5	9	5	3	9	8	4	0	2	1	1	1	3	9	0	7	2	7	2	7	9	0	9	2	8	5	5	9	7	4	3	9	8	9	2	9	7	7	1	7	6	0	8	7	8	2	5	8	5	5	7	8	5	3	2	5	6	6	0	6	4	2	9	2	1	4	3	3	6	9	8	4	
3	1	2	5	3	9	8	2	3	7	5	8	3	2	3	3	0	6	2	2	8	1	6	4	6	6	1	2	1	5	5	8	2	3	7	6	8	4	0	8	7	9	6	4	5	8	6	6	1	1	0	0	9	2	4	3	8	1	5	6	8	5	3	7	5	4	0	9	6	4	7	7	9	3	0	8	8	2	3	0	4	3	0	5	9	8	5	2	5	6	6	7	2	4	7	2	5	0	5	7	
9	5	2	6	6	3	6	2	8	1	0	4	4	2	6	8	1	1	4	8	1	2	2	6	4	2	9	6	4	3	0	4	2	3	2	7	2	6	8	5	0	2	0	3	4	6	3	6	7	8	0	0	0	1	5	5	6	2	4	1	7	0	1	4	7	1	5	3	2	8	7	9	0	1	2	0	3	3	4	4	0	2	3	4	4	2	7	4	7	2	6	4	8	5	2	5	5	7	9	5	
4	1	3	2	2	1	1	0	4	8	1	5	0	4	8	2	6	1	4	3	8	2	1	0	4	9	1	2	4	3	9	5	7	1	4	1	2	2	5	7	8	9	2	4	6	9	2	3	2	4	4	1	7	3	9	9	4	7	9	1	9	6	6	9	1	6	7	0	0	6	2	2	4	6	0	9	4	9	7	1	0	2	1	8	4	9	0	6	3	4	8	4	3	3	4	8	3	3	0	5	
2	3	7	9	8	4	5	8	6	7	3	8	5	1	8	0	9	4	8	6	4	3	4	0	8	0	8	4	2	6	2	0	0	3	7	1	1	4	4	4	6	0	9	6	8	0	5	0	6	7	8	1	6	6	8	7	4	9	3	7	9	5	4	0	2	5	7	7	7	6	5	9	6	1	4	1	2	4	2	0	6	7	5	6	2	2	6	3	7	5	9	9	3	0	3	3	2	1	7	1	
9	7	4	6	2	5	0	1	5	4	4	8	2	0	3	0	7	5	2	1	9	8	2	6	5	7	0	1	1	4	5	9	1	3	2	5	8	4	2	8	4	3	5	5	2	0	4	8	0	5	2	3	8	3	3	0	8	6	2	1	8	1	8	3	6	1	0	0	6	1	9	1	2	9	1	1	3	0	8	6	6	5	4	9	4	9	7	3	9	6	7	7	3	0	9	5	3	7	0	1	
6	7	5	1	6	7	1	0	6	4	3	9	4	3	6	4	1	4	6	3	7	9	9	5	5	0	2	6	5	4	4	8	0	7	8	5	8	5	8	9	7	0	9	0	5	6	6	0	3	5	5	8	2	5	8	6	6	3	5	7	6	7	1	0	4	0	3	2	4	1	9	0	1	9	5	3	2	1	5	3	1	5	7	8	5	4	4	0	1	5	1	3	2	8	7	2	3	5	5	4	
5	9	5	9	0	3	6	3	5	2	8	3	0	1	6	9	0	8	9	1	4	3	9	8	0	5	2	0	1	6	0	5	2	6	8	4	8	7	2	3	7	9	8	7	2	4	4	3	6	0	5	8	8	6	8	9	1	3	3	2	5	8	5	5	8	2	8	8	4	7	1	7	8	5	6	7	6	6	8	9	3	2	3	3	7	6	2	5	2	1	5	4	7	0	4	8	4	2	3	1	
6	0	5	6	9	8	9	9	2	0	1	4	4	6	1	0	1	6	7	6	2	9	8	4	2	5	7	3	2	7	5	5	3	9	0	1	2	4	3	8	8	2	1	4	2	6	3	6	8	1	8	1	9	2	0	5	4	8	4	5	4	0	1	5	5	6	8	2	4	7	6	8	1	0	4	0	4	6	0	9	8	8	8	3	3	8	8	1	6	7	1	0	1	8	1	7	0	0	0	8	
0	3	1	3	3	2	3	8	8	4	5	7	3	0	3	3	3	6	0	9	9	1	4	9	2	9	6	5	6	5	6	2	3	2	5	6	3	6	7	1	6	9	2	5	7	8	1	5	0	2	2	5	5	3	5	2	0	0	2	8	5	7	3	9	4	0	2	9	3	1	7	0	9	1	7	7	2	6	8	8	3	9	3	3	0	2	6	4	1	3	5	0	4	2	2	5	4	6	4	4	
3	7	5	4	6	0	6	9	2	9	8	5	4	8	2	4	0	9	1	6	0	4	8	5	1	6	7	1	0	8	4	6	7	9	3	1	2	8	6	7	1	1	5	8	0	3	9	6	7	3	1	9	9	0	9	2	5	2	5	4	3	4	4	3	3	8	8	0	2	3	2	5	8	2	8	4	2	6	4	5	1	4	0	4	8	5	5	9	6	6	6	2	4	9	0	3	1	9	9	8	
6	2	4	4	1	4	0	7	3	2	4	7	0	9	5	1	8	4	0	2	0	1	4	8	0	5	9	9	7	7	1	7	6	7	4	3	1	3	9	6	3	7	9	2	9	7	5	6	9	4	8	7	8	4	5	7	0	1	0	9	2	4	6	8	3	2	1	6	0	9	9	2	0	7	4	7	7	2	2	8	9	9	2	1	0	0	1	3	0	1	1	3	6	7	6	4	4	7	7	5	
7	7	2	8	1	2	0	5	8	9	6	2	7	3	9	0	3	7	0	5	5	8	2	2	6	9	8	2	4	2	8	8	2	0	8	7	9	2	8	4	7	2	0	3	6	5	3	0	3	4	1	6	7	7	6	4	2	7	6	2	5	0	6	5	8	2	7	1	9	9	5	6	1	6	7	4	3	9	8	2	5	1	5	2	1	0	1	1	4	0	7	4	4	5	1	7	2	3	6	4	
8	7	4	5	0	3	7	5	1	5	5	6	1	4	9	8	1	0	4	5	5	4	8	3	4	9	3	1	8	0	5	1	6	3	6	9	5	9	9	1	4	9	4	7	7	3	5	7	6	0	9	8	5	8	7	1	2	8	6	3	8	5	1	5	5	7	8	7	4	7	6	5	6	3	2	7	5	3	1	7	7	4	6	1	3	5	9	8	2	4	2	9	8	9	3	7	6	1	5	2	
9	5	4	9	4	5	2	0	5	6	6	9	1	0	6	7	0	6	0	6	4	2	3	5	2	9	9	4	0	7	7	1	6	6	1	5	6	8	3	8	7	7	6	8	5	3	0	0	2	8	9	4	3	4	7	3	0	9	4	4	0	5	9	4	1	0	2	6	0	6	2	5	7	2	8	2	6	1	4	0	3	7	2	5	3	8	4	4	4	2	9	8	4	0	7	5	0	8	8	6	
9	7	6	8	5	9	5	4	3	0	4	1	5	6	8	2	0	6	7	4	4	0	8	3	5	0	9	0	3	3	3	5	1	1	6	4	5	9	9	5	9	6	3	7	0	2	2	7	2	4	0	1	2	3	1	1	1	3	2	2	4	7	4	5	9	6	3	9	8	0	3	2	7	5	3	3	0	6	4	9	1	8	1	6	3	7	7	7	1	9	9	2	9	3	0	8	8	3	6	3	
7	7	1	3	6	1	1	6	3	9	1	3	6	3	3	1	0	0	2	6	7	5	8	9	4	6	1	0	1	2	3	0	2	0	6	2	5	6	9	7	6	3	9	3	1	1	7	2	7	7	3	8	2	3	9	3	1	1	9	1	8	3	3	6	8	3	8	7	1	7	7	7	8	7	0	0	0	0	7	0	7	8	1	7	3	8	5	0	2	3	9	5	7	2	0	6	7	8	3	3	
3	4	2	3	3	4	3	7	8	4	1	1	0	2	6	2	9	5	4	2	9	0	4	4	7	3	0	6	3	0	3	6	3	9	8	4	8	3	3	6	9	1	6	3	6	4	5	3	9	7	7	5	4	9	2	4	6	8	4	9	7	1	3	0	4	2	8	4	8	3	9	2	8	6	0	7	3	9	6	8	4	1	0	0	6	6	4	5	0	2	3	1	1	4	9	4	4	5	7	8	
5	7	9	4	3	7	1	9	8	8	0	0	3	5	9	6	3	7	4	6	1	3	1	4	0	2	7	6	6	3	7	3	4	8	1	5	5	4	2	7	1	1	2	2	3	0	3	4	6	0	0	1	9	1	6	2	6	8	3	0	8	8	6	5	5	8	4	7	6	9	4	0	9	3	4	0	3	6	4	0	8	7	2	8	1	8	3	7	1	0	8	6	7	2	0	0	4	4	9	0	
7	6	1	4	8	3	6	5	3	1	3	6	7	5	0	6	7	8	8	6	9	1	1	1	2	5	6	4	0	1	7	4	7	3	1	9	0	8	3	7	4	1	2	0	2	0	8	4	1	2	3	6	6	9	5	0	4	3	9	8	9	3	8	0	5	9	3	0	7	5	4	1	4	7	5	1	4	1	6	8	0	4	7	9	6	8	4	6	2	5	3	0	2	3	0	8	6	2	5	3	
0	6	7	6	0	1	8	8	9	5	6	7	2	2	3	1	1	2	2	3	5	3	6	8	5	1	4	4	3	0	6	6	1	4	5	2	6	5	5	0	9	6	2	0	4	4	5	4	0	9	2	4	8	9	4	7	2	1	9	3	9	8	6	7	7	2	1	0	1	7	9	3	6	1	5	8	6	4	7	8	5	4	9	4	4	9	2	7	9	1	1	6	9	3	3	4	4	1	3	1	
9	7	9	1	8	8	9	0	7	2	2	0	5	9	0	9	8	3	1	0	3	9	4	6	6	7	0	2	0	4	5	8	3	4	4	0	4	4	1	2	7	7	6	2	6	5	9	5	2	6	9	0	6	2	7	6	5	5	7	2	5	5	2	0	7	1	5	3	7	1	4	4	5	3	3	1	4	5	6	7	4	6	8	2	7	8	7	8	9	7	3	4	0	9	3	3	8	0	4	0	
5	1	6	1	4	0	6	1	0	6	8	5	7	7	9	1	0	8	4	6	2	5	7	0	1	1	6	3	3	0	7	7	1	5	1	4	7	7	0	0	2	1	2	3	1	5	7	4	9	3	7	5	5	8	3	8	9	0	8	1	7	0	7	9	4	1	2	4	5	3	1	9	7	0	2	7	8	8	8	9	8	4	5	6	2	8	7	6	7	3	2	8	7	8	4	2	6	3	4	0	
3	4	9	6	0	2	6	1	9	2	0	5	6	8	0	4	0	2	7	1	1	0	8	7	0	5	2	6	6	6	3	0	4	9	7	9	3	2	1	7	4	2	9	5	1	9	8	0	7	1	8	2	9	6	6	7	7	8	8	0	0	7	2	1	9	8	3	0	8	0	6	8	0	0	2	1	8	6	6	0	8	3	7	9	3	7	5	0	0	3	8	4	7	6	2	0	7	6	0	8	
7	5	9	7	2	6	4	1	8	8	1	3	0	0	8	0	1	7	0	6	5	0	8	6	1	9	9	3	0	3	6	5	4	3	1	8	5	4	1	2	1	6	3	6	6	5	7	5	5	4	1	8	9	3	6	1	9	0	7	5	9	2	1	3	9	7	5	6	8	4	3	9	7	1	3	3	1	4	3	4	3	0	4	4	6	6	2	1	9	6	7	1	6	8	6	7	6	5	5	7	
8	1	1	9	8	5	8	7	6	5	8	0	9	2	6	2	6	2	4	8	7	0	4	5	4	9	2	5	9	9	5	6	4	7	2	9	3	7	6	7	8	6	6	5	7	4	6	8	2	5	8	6	3	6	4	7	1	5	3	5	6	2	4	6	5	2	6	0	9	0	7	3	6	5	4	3	2	9	7	5	8	7	9	8	5	6	6	6	6	2	5	3	0	2	3	3	4	2	5	1	
3	9	4	6	7	8	5	9	5	4	5	0	5	2	6	2	5	5	1	4	7	8	3	8	6	4	4	8	2	7	3	8	0	5	8	9	2	4	7	5	0	3	6	8	6	4	2	6	7	9	9	3	3	8	3	5	4	8	2	2	8	8	7	7	6	7	1	8	6	5	2	7	2	7	7	1	8	8	8	5	2	7	8	1	6	0	6	4	5	7	8	2	3	1	2	1	9	3	8	6	
8	7	3	4	2	0	7	6	8	6	7	3	4	8	5	4	7	2	6	7	1	6	0	7	8	3	2	6	9	2	6	8	3	8	2	8	2	1	5	8	3	8	7	8	4	0	9	9	9	0	7	2	4	5	4	7	7	5	3	5	7	7	5	6	5	4	8	7	9	6	9	9	7	6	3	7	2	2	6	6	7	3	0	7	9	1	3	6	5	6	6	4	3	3	7	7	5	8	6	2	
3	9	1	0	8	8	5	8	2	1	9	3	0	3	3	8	2	7	2	1	6	3	3	5	2	5	7	0	1	0	7	7	4	5	6	8	4	7	5	9	5	2	6	7	9	4	9	2	2	0	1	3	0	2	8	7	2	7	2	7	9	0	8	8	2	4	7	3	1	3	4	9	3	0	3	9	7	6	5	8	9	7	1	1	8	8	6	6	2	6	2	1	0	0	2	2	1	4	4	6	
4	4	6	2	9	2	0	5	2	7	5	2	7	2	4	6	0	1	4	6	6	3	5	5	6	2	6	7	1	6	5	8	0	6	6	2	2	1	7	4	5	2	7	8	0	4	0	4	2	7	8	3	2	7	6	6	1	8	3	9	0	1	3	7	2	9	3	7	4	9	6	3	0	0	7	4	0	7	3	4	5	9	4	9	6	9	6	6	4	9	6	5	4	7	7	8	2	0	9	4	
5	5	3	3	4	7	8	7	5	9	3	1	8	5	1	3	0	9	2	7	4	1	3	7	1	8	1	8	9	5	6	3	5	2	2	2	3	0	9	1	3	8	0	3	2	5	9	6	4	8	4	7	8	0	7	5	3	2	2	8	5	5	8	8	8	6	7	1	0	8	2	0	3	2	6	2	6	3	3	6	6	6	4	5	5	1	7	1	6	4	1	7	3	1	2	6	8	4	3	9	
9	3	3	1	3	6	5	3	5	7	8	5	8	1	9	1	0	5	0	7	2	9	4	9	5	6	2	9	9	4	2	8	9	2	0	6	4	6	1	6	4	7	2	9	0	5	4	9	0	6	9	8	8	9	9	8	0	9	8	4	5	6	5	5	4	1	4	5	4	1	1	7	7	7	7	8	4	1	6	4	3	7	9	5	8	8	9	9	5	0	8	7	0	7	7	3	5	7	8	6	
9	2	1	8	1	8	1	7	2	7	1	7	6	0	1	0	9	9	9	1	5	4	4	2	1	0	2	6	7	7	0	2	6	8	6	9	0	8	7	6	2	9	9	5	5	1	4	3	1	2	1	5	3	9	0	1	7	9	6	9	9	6	9	3	1	0	9	8	7	5	3	9	2	4	1	7	3	5	5	2	9	7	0	7	8	3	9	6	2	3	6	9	0	2	7	7	5	4	4	9	
7	1	5	5	9	7	9	9	0	8	6	9	7	1	6	6	3	1	3	8	7	1	7	2	1	8	6	3	3	9	3	8	4	3	7	4	1	4	4	0	3	7	4	5	5	6	0	5	7	7	6	3	8	8	9	7	7	8	1	9	7	0	9	3	3	7	7	8	7	3	3	7	2	7	3	3	1	1	7	6	1	4	5	6	6	7	1	9	3	6	6	8	7	5	7	4	8	6	1	0	
8	2	8	8	6	7	5	7	7	4	3	0	4	5	6	9	5	9	2	7	8	4	0	0	3	9	7	3	1	5	0	9	0	6	2	9	1	6	5	9	9	6	1	8	5	2	5	0	8	0	8	7	5	8	9	9	7	4	4	3	1	1	0	8	0	0	3	5	6	2	7	1	7	0	7	5	3	7	6	8	3	3	9	2	5	9	5	9	1	3	7	6	5	7	1	9	5	6	4	4	
0	2	4	1	3	2	5	7	9	1	7	1	2	0	0	5	2	1	7	2	3	0	4	8	2	1	9	9	3	6	1	8	8	8	1	6	3	5	2	3	1	8	6	3	3	3	6	8	3	0	8	3	1	1	8	2	9	2	1	4	0	6	9	1	5	8	4	0	7	3	7	3	0	4	0	2	2	2	1	6	4	0	6	5	7	3	5	1	5	6	0	5	4	3	1	3	0	6	9	5	
9	6	4	4	9	9	7	9	5	1	0	8	7	1	9	0	4	4	7	7	9	5	4	0	7	2	9	2	6	2	4	6	2	4	8	5	3	3	5	0	6	6	2	0	3	4	8	9	1	5	4	1	4	6	2	9	9	9	6	8	4	9	2	5	3	5	0	6	2	6	4	1	9	0	9	5	4	9	3	9	0	0	4	2	5	5	6	9	2	8	2	5	1	1	6	2	0	4	0	9	
9	5	9	3	2	8	7	0	8	8	4	9	0	4	5	1	8	9	2	6	7	0	9	3	3	2	8	2	4	7	1	8	4	4	3	0	3	8	9	9	6	9	6	3	7	2	2	9	9	9	5	0	5	3	2	8	3	8	8	5	5	3	1	3	6	5	0	8	9	8	4	9	5	8	2	9	2	4	1	2	7	9	8	5	4	4	2	6	1	3	2	7	1	1	8	2	8	2	9	6	
6	1	0	3	2	7	2	3	3	1	1	4	2	7	7	4	1	8	6	1	4	4	7	5	9	4	4	5	5	3	6	0	3	3	4	7	8	7	0	6	1	8	5	4	5	8	6	6	1	9	2	9	0	7	0	5	9	7	9	0	4	9	7	6	4	9	0	0	6	2	1	1	4	8	7	1	9	0	6	0	8	4	4	4	8	8	1	1	0	8	5	3	0	6	7	5	0	8	0	1	
1	4	8	5	6	2	0	2	0	1	9	6	9	5	5	1	6	3	0	0	4	4	9	4	4	4	5	7	3	6	0	4	6	1	7	2	5	4	9	8	7	9	7	7	0	8	0	8	6	8	2	0	1	0	2	7	6	9	5	8	0	4	8	4	8	7	2	7	7	9	0	9	2	0	5	8	9	9	4	1	5	8	4	7	1	1	3	4	5	9	9	8	4	6	6	8	3	9	9	7	
6	3	1	6	4	6	4	1	8	2	5	5	8	3	6	4	0	4	2	8	1	4	6	0	1	2	2	9	2	5	1	2	6	2	9	5	6	5	8	8	5	0	7	5	0	6	2	1	6	7	3	1	5	5	4	1	3	9	0	4	1	7	3	8	3	2	3	9	1	4	5	3	6	1	3	2	0	6	6	0	8	9	6	7	5	8	7	2	8	4	2	7	1	1	7	7	3	9	9	5	
4	9	0	8	1	4	4	8	9	4	9	9	0	5	8	1	8	5	4	7	2	7	5	4	8	1	9	1	5	6	5	9	8	2	3	4	4	0	8	2	4	5	0	4	7	0	4	0	0	8	0	3	1	1	1	8	5	8	9	3	5	5	4	5	2	6	6	5	1	4	3	5	5	3	9	2	5	3	7	3	9	7	9	3	9	9	7	2	9	4	8	1	2	5	3	3	0	7	6	0	
6	1	6	1	0	5	6	0	4	0	6	2	0	9	5	1	1	6	0	3	7	3	5	6	6	5	3	9	3	2	8	3	5	5	2	1	4	7	0	6	9	8	9	7	3	6	0	9	2	7	2	0	6	5	2	6	0	6	8	9	5	7	4	0	8	9	3	4	8	1	1	6	6	6	0	2	2	8	9	3	6	9	9	9	5	6	9	5	6	1	8	3	1	6	0	8	6	8	0	9	
3	6	9	2	8	7	3	4	0	7	3	9	4	0	8	2	3	7	1	4	5	4	2	3	1	1	3	1	1	0	0	2	5	0	8	0	4	0	5	9	6	3	8	4	3	9	8	6	3	4	7	5	0	0	7	3	2	9	5	9	6	2	7	1	7	8	6	9	8	2	9	6	1	9	0	9	7	9	7	0	2	0	3	8	5	4	7	5	0	6	5	4	5	0	9	3	0	1	3	8	
1	1	6	1	6	5	2	4	1	7	0	3	3	4	9	9	4	2	4	3	6	1	5	1	9	1	7	3	9	2	3	5	8	0	0	9	1	3	1	3	1	6	4	0	7	1	3	1	7	9	2	5	4	8	3	2	0	9	2	6	0	6	1	8	5	0	9	5	9	7	9	6	7	6	1	9	9	0	6	4	4	7	5	7	3	5	2	9	7	8	9	1	6	7	0	9	6	5	2	7	
0	5	4	1	5	4	1	7	0	3	1	4	9	1	7	8	2	7	3	3	1	6	8	0	1	0	3	8	8	5	2	0	9	8	6	5	3	3	5	7	4	5	2	0	4	7	5	5	4	4	2	2	2	0	9	0	0	3	3	2	4	7	8	1	1	4	6	2	3	0	8	1	6	4	1	4	9	5	2	4	8	8	5	4	0	6	9	4	0	6	7	5	0	3	0	1	8	3	1	5	
7	4	4	8	8	8	1	8	0	0	8	2	5	7	3	8	5	1	2	8	9	9	9	3	6	6	8	4	9	3	1	6	9	9	2	7	1	6	9	8	8	6	9	1	8	9	2	0	3	0	1	5	1	9	5	5	4	5	9	9	8	8	6	5	3	8	5	6	3	9	3	9	0	8	9	2	8	2	0	8	5	8	3	0	7	0	2	5	1	3	4	7	3	8	3	2	9	9	1	6	
7	7	7	4	6	4	6	6	6	6	8	5	4	5	0	7	9	9	1	5	1	2	7	8	3	7	0	3	5	8	2	0	4	1	5	2	5	7	4	8	6	6	7	7	8	8	9	1	3	3	2	4	7	9	0	5	5	0	5	3	3	1	5	4	1	5	6	1	1	6	0	0	9	0	3	8	5	4	9	5	4	1	1	4	9	2	0	7	6	5	9	5	5	6	3	3	1	6	9	1	
7	3	3	7	1	2	0	4	9	2	0	5	4	2	5	7	4	3	4	2	7	8	1	9	2	8	0	2	5	8	6	8	7	7	7	8	1	4	5	4	1	3	8	0	6	8	8	4	0	0	5	5	3	8	5	5	4	5	5	5	6	2	3	5	0	9	6	7	9	8	6	8	1	4	2	7	2	0	0	1	7	8	1	7	5	7	3	7	6	0	0	3	7	7	3	7	0	2	4	9	
6	9	7	8	2	7	3	9	7	2	4	6	3	5	8	8	2	1	4	5	8	2	3	1	1	7	6	7	3	9	7	9	8	7	6	3	8	5	3	2	3	6	9	6	4	5	5	3	9	2	1	4	7	1	8	0	9	4	2	1	1	6	3	6	8	0	5	3	6	6	2	8	7	2	5	5	8	3	3	7	1	6	6	8	9	8	7	0	2	9	1	9	4	4	9	6	0	2	4	6	
4	8	5	9	8	5	0	7	3	6	8	4	5	7	3	0	8	4	6	5	4	2	9	1	4	9	1	1	1	1	5	7	4	7	9	8	9	1	7	1	9	4	2	3	7	1	5	0	8	0	5	3	8	7	8	8	3	1	6	0	2	2	6	8	0	0	1	3	7	8	6	9	8	3	5	7	0	5	8	6	8	9	4	9	2	6	4	2	7	8	9	7	0	5	7	1	2	2	3	4	
7	8	6	9	0	3	9	9	8	9	4	5	7	6	5	7	1	5	9	1	2	0	6	6	6	4	6	5	6	8	9	8	2	1	7	7	3	3	8	7	0	7	4	7	9	2	1	1	5	8	9	0	1	6	4	1	7	7	5	2	8	3	0	2	5	4	5	5	7	6	9	7	6	1	9	4	4	3	6	6	7	3	8	3	2	0	5	4	0	6	3	6	0	8	1	3	5	2	1	4	
5	4	1	3	7	7	3	8	3	6	5	9	2	7	4	8	6	1	3	3	1	8	0	0	4	6	1	6	5	9	2	1	1	1	8	0	6	8	8	5	9	6	3	3	9	0	0	1	5	2	0	4	1	1	8	8	8	5	6	1	0	8	4	2	0	8	2	6	6	4	6	0	0	8	8	7	2	0	0	3	0	8	0	0	2	3	8	4	7	0	6	2	4	8	9	5	0	1	1	1	
0	5	0	0	3	7	8	1	5	1	0	8	7	6	1	8	1	4	7	5	9	2	4	0	2	9	6	6	0	7	5	2	5	3	9	3	7	5	2	7	5	3	3	0	1	0	2	9	8	0	7	7	9	0	0	8	8	4	9	5	2	7	0	0	0	8	5	9	0	1	5	8	9	1	4	2	5	3	0	1	6	3	0	6	1	3	3	1	3	0	8	9	1	1	5	8	6	3	6	8	
Final Matrix:
2413	2278	2359	2180	1909	2311	2242	2175	2285	2095	2079	2352	2085	2186	2320	2020	1629	2416	1953	2110	2284	1863	2402	2156	1937	2380	2135	2090	1864	2164	2289	2318	2059	2289	2238	2279	2381	2287	2235	2586	2315	2335	2420	1988	2055	2052	2200	2278	2282	2350	2220	2055	2410	2166	2187	2448	2360	2360	2360	2266	2590	2182	2290	2263	2235	2342	2058	2299	2434	2130	2388	2299	2056	1970	2196	2144	2250	2148	2327	2484	2437	2221	2210	2189	2409	2278	2318	2149	1893	2140	2309	2192	1825	2240	1967	2227	2176	2341	2208	2165	
2161	2060	1943	2012	1964	2187	1958	2051	2084	1859	1891	2023	1899	1992	2156	1992	1719	2227	1888	2035	2168	1755	2161	1917	1662	2398	1994	1989	1870	2141	2003	2240	1897	2108	2071	2193	1993	1973	2218	2280	2121	2053	2130	1837	2115	1826	2089	2034	2092	1991	1967	1820	2168	2209	2189	2213	1934	2230	1958	2155	2361	1964	2128	2051	1930	2165	2062	2163	2130	1979	2265	2093	1759	1987	2021	1984	1928	2032	2156	2307	2306	2140	2070	2015	2262	2113	2183	2073	1644	1721	2128	1974	1672	2008	1731	2087	2111	2234	1945	2196	
1934	1874	2009	1948	1806	2086	2012	1973	2268	1782	1798	2242	1804	1728	2104	2118	1413	2221	1699	1956	2033	1644	2270	1882	1655	2210	2073	2031	1836	2083	1958	1959	1895	1894	2054	2094	2049	2102	1850	2179	1965	1965	2057	1797	1887	1946	1829	1900	2025	1990	2013	1615	2061	1954	2131	2091	1952	2118	1807	1898	2120	2004	1960	2169	1930	2012	1906	1966	1971	1789	2133	2089	1947	1734	1983	1943	2003	1760	2154	2082	2067	1938	2012	1918	2134	1999	2027	1726	1665	1838	2131	2021	1594	1973	1771	2104	1803	2035	2066	1897	
2156	2030	2172	2047	2138	2353	2151	2188	2324	2059	2018	2202	1785	1889	2424	2098	1576	2023	1729	2162	2398	1818	2289	1830	1880	2330	2158	1914	1898	1954	2154	2317	2064	2033	2054	2145	2117	2192	2010	2214	2266	2245	2091	2064	2129	1977	1997	2135	2090	2006	2143	1800	2212	2229	2220	2349	2234	2488	2051	2004	2375	2113	2103	2327	2003	2096	2202	2221	2214	1874	2399	2028	2164	1835	1974	2071	1960	2050	2365	2401	2300	2121	2269	2216	2334	2495	2082	2167	1826	2037	2323	2201	1755	2046	1906	2166	1987	2301	2133	1956	
2022	2010	1979	1942	1781	2048	1916	2047	2140	1835	1850	2111	1722	1708	2010	1853	1548	2101	1595	1885	2040	1681	2062	1942	1536	2151	1907	1707	1618	1899	1923	2125	1906	1854	2065	2082	2002	1889	1908	2175	1942	1841	1911	1656	1845	1777	1988	1830	1763	1753	2021	1758	2242	2193	1885	2105	1922	2036	1971	1828	2075	1851	1949	2019	1799	2117	1769	1743	1953	1749	2121	1961	1741	1761	1863	1973	1791	1776	1970	2013	2181	1928	1937	1805	2132	2127	1763	1882	1733	1668	2138	1924	1632	1881	1734	1924	1775	1921	1986	1929	
2034	2058	2286	2130	1912	2160	2039	2182	2278	1855	1876	2185	1944	1765	2197	2179	1481	2064	1779	1958	1976	1743	2298	2107	1677	2274	1906	1901	1636	2040	1952	2250	1889	1853	2148	2173	2115	2026	2101	2326	2194	2036	2116	1996	2013	1878	1851	1880	1914	2125	2202	1788	2200	2200	2098	2202	1976	2349	2048	2058	2111	1962	2046	2172	2072	2167	2005	2106	2083	1980	2348	1958	1911	1710	2033	1964	1845	2077	2282	2293	2259	1991	2190	2133	2165	2228	2134	1994	1673	1945	2251	2010	1854	2103	1837	2186	1810	2196	2139	2039	
2161	1816	2029	1946	1851	2064	1885	1967	1964	1982	1913	2051	1832	1760	2060	1635	1503	1918	1575	1866	2035	1594	1996	1842	1590	2036	1754	1950	1837	1927	1796	2068	1883	1768	2016	1864	2000	1874	1945	2088	1943	2183	2044	1683	1936	1894	1862	1881	1863	2018	1927	1690	1962	2030	2051	2044	1796	2070	1835	1988	2098	1787	2009	2024	1979	1941	1946	2009	2160	1693	2248	1849	1922	1857	1818	1934	1837	1934	2052	1987	2072	1961	2020	2044	2064	2025	1949	1972	1590	1707	2012	1834	1643	1745	1580	1936	1762	1964	1966	1847	
1954	2055	1904	1928	1710	1857	1729	2047	2056	1769	1726	1915	1850	1654	2012	1903	1532	1914	1636	1897	2057	1621	2002	1898	1724	2046	1704	1848	1534	1819	1918	2058	1779	1877	1952	2105	2063	1912	1993	2189	2061	1982	1963	1744	1964	1770	1966	1948	1860	1621	1899	1709	2053	2073	1971	1978	2075	2047	1922	1861	2134	1887	1868	2006	1812	1987	1933	1885	1989	1891	2195	1897	1600	1812	1764	2030	1911	1748	1931	2188	1978	1903	1962	1931	2089	1969	1944	1782	1533	1808	1968	1981	1618	2014	1676	1883	1864	1946	1755	2035	
2263	2117	2198	1973	2020	2304	1995	1951	2265	1952	1957	2393	2025	1831	2156	2133	1476	2204	1780	2054	2295	1864	2403	2146	1707	2259	2172	2092	1898	2188	2129	2315	2145	1963	2148	2149	2281	2217	2124	2205	2162	2077	2267	2019	2007	2127	2088	2089	2036	2033	2154	1803	2175	2140	2353	2300	2070	2252	1969	2191	2257	1999	2144	2415	2084	2129	2028	2183	2108	1873	2404	2103	1891	1902	1981	2154	2097	1994	2179	2307	2286	2253	2100	2146	2302	2398	2334	2144	1905	1946	2137	2201	2044	2186	2005	2232	1972	2242	2246	2127	
2321	2329	2235	2274	2067	2430	2080	2463	2335	2114	2046	2358	2073	2047	2362	2118	1620	2396	1915	2269	2306	1858	2544	2156	1883	2391	2088	2167	1851	2269	2261	2221	2142	2138	2320	2191	2314	2197	2246	2357	2184	2214	2416	1987	2155	2088	2166	2011	2374	2256	2220	1938	2397	2334	2230	2292	2170	2401	2222	2240	2475	2295	2286	2410	2310	2421	2190	2404	2284	2069	2331	2391	2141	2091	2237	2034	2235	2164	2414	2371	2450	2347	2251	2323	2376	2416	2199	2148	1931	2027	2482	2165	1962	2152	1933	2210	1977	2306	2256	2189	
2176	2092	2023	1856	1895	2192	1933	2043	2145	2057	2005	2223	1915	1894	2112	1926	1572	2190	1627	1958	2254	1697	2165	2073	1756	2304	1874	2026	1722	2161	2034	2037	2066	2108	2026	1992	2237	2238	2010	2259	2197	2315	2194	1966	1974	1986	1944	2151	2024	2003	2063	1804	2312	1990	2112	2199	2018	2286	2188	2213	2348	2189	2279	2234	1958	2079	2046	2230	2040	1850	2171	1974	2041	1902	1973	2104	2211	2066	2344	2274	2187	2113	2099	2234	2196	2196	2099	2159	1732	1878	2215	2160	1647	2027	1962	2037	1969	2272	2171	2042	
2203	2067	2147	2083	2111	2314	2050	2124	2210	2077	1937	2325	1850	1754	2206	1937	1643	2263	1661	2234	2437	1684	2118	2020	1705	2505	2088	1821	1832	2020	2150	2278	2029	1992	2216	2263	2225	2076	2189	2320	2172	2075	2112	1763	1988	1841	2173	2158	1995	2117	2172	1832	2298	2080	2151	2207	1983	2271	2077	2210	2516	1866	2167	2259	2154	2190	2087	2172	2262	1837	2416	2271	1962	1834	1877	1995	2071	2070	2370	2254	2274	2035	2092	2345	2122	2388	2141	2072	1778	1927	2361	2061	1732	2040	1779	2273	2088	2165	1993	2133	
2101	2105	2107	1999	1914	2027	1725	2021	2164	1965	1799	2111	1875	1915	2088	1964	1556	2065	1520	2012	2182	1619	2235	2032	1700	2228	1898	1924	1748	1993	1993	2210	2029	1924	2194	2182	2255	1997	2053	2325	2057	2198	2102	1689	1921	2142	1926	1861	2079	2045	2004	1860	2221	2120	2047	2170	1920	2087	1964	1997	2042	1954	1875	2147	2123	1905	2042	2023	2090	2036	2148	2174	1865	1822	1908	2064	2115	1877	2051	2203	2191	2081	1925	2022	2139	1970	1938	1803	1747	1907	2215	2027	1601	2076	1804	2116	1953	2016	2041	2144	
1952	1852	1976	1840	1727	1953	1770	1758	1971	1721	1741	1979	1741	1786	1907	1962	1349	1780	1686	1844	1943	1649	2031	1913	1513	2150	1722	1818	1589	1934	1862	2121	1919	1805	1888	1990	2052	1977	1957	2297	1977	2077	2016	1696	1922	1796	1891	1981	2007	1967	2004	1711	2049	1849	1957	2025	1890	2079	1939	1917	2124	1937	1911	2012	2032	2059	1903	2037	1907	1853	2115	1782	1596	1755	1771	1802	2011	1824	1951	2113	2059	1759	1963	2045	2013	2051	1811	1845	1474	1904	1991	1936	1644	2069	1684	1978	1834	2048	1895	1846	
2361	2156	2066	2178	2038	2319	2014	2142	2344	2032	1887	2254	1956	1869	2361	2031	1586	2287	1834	2184	2285	1720	2263	2122	1856	2333	2083	1839	1786	2137	2180	2366	2014	2054	2123	2408	2360	2240	2121	2468	2347	2182	2094	1901	2255	1860	2046	2063	2001	2078	2039	1820	2309	2223	1954	2289	2040	2334	2170	1977	2339	2060	2136	2427	2017	2184	2060	2121	2061	2016	2436	2109	2038	1992	2082	2081	2010	1965	2318	2361	2413	2223	2077	2231	2144	2548	2205	2120	1778	2003	2315	2135	1684	2237	1834	2142	2007	2139	2007	2153	
2433	2224	2250	2046	2111	2392	2058	2372	2303	2171	1921	2415	2021	1918	2338	1867	1668	2155	1831	2228	2432	1750	2469	2190	1852	2352	2087	2116	1973	2182	2120	2224	2152	2133	2211	2421	2252	2138	2074	2415	2144	2117	2167	1871	2059	1921	2065	2231	2131	2248	2161	1968	2424	2423	2095	2402	2086	2469	2251	2262	2404	2100	2305	2343	2160	2354	2040	2023	2182	2091	2529	2157	1920	2062	1962	2062	2103	1970	2271	2325	2431	2261	2321	2316	2181	2371	2226	2109	1863	1824	2410	2176	1813	2156	1950	2096	2128	2139	2289	2193	
2438	2393	2150	2180	2028	2123	2014	2170	2467	2137	2058	2200	1925	1957	2207	2093	1642	2189	1837	2214	2259	1839	2300	2301	1739	2386	1858	1938	1793	2165	2097	2237	2143	2189	2110	2130	2399	2250	2087	2310	2292	2165	2365	1999	2232	1977	2231	1912	2120	2074	2088	1856	2248	2233	2319	2290	1985	2247	2163	2020	2566	2172	2283	2299	2146	2170	2190	2189	2155	2064	2424	2195	2098	1981	2028	2054	1898	2065	2314	2344	2381	2253	1940	2301	2345	2464	2240	2135	1914	1793	2135	2206	1825	2191	1978	2028	1964	2241	2279	1994	
1806	1919	2017	1852	1713	2051	1706	2077	1825	1637	1793	1967	1543	1721	1872	1816	1361	1829	1470	1769	1831	1566	1993	1748	1398	1942	1841	1606	1587	1702	1878	1845	1645	1688	1977	1829	1856	1740	2040	1985	1817	1810	1937	1633	1801	1726	1768	1630	1790	1601	1998	1531	1794	1768	2025	1858	1643	1875	1576	1780	2020	1911	1716	1891	1736	1803	1791	1931	1920	1599	1979	1781	1721	1615	1827	1727	1786	1764	1929	1948	1987	1850	1840	1762	1871	1866	1846	1793	1281	1705	1999	1743	1674	1701	1477	1775	1649	1740	1773	1651	
2206	2314	2204	2229	2007	2212	2113	2114	2321	2079	2009	2239	1922	1941	2280	1890	1526	2183	1785	2024	2284	1674	2319	2052	1751	2406	2153	1947	1739	2127	2176	2214	1945	1987	2119	2058	2124	2075	2293	2216	2135	1955	1928	1951	1972	1956	2121	2129	2190	2143	2189	1739	2170	2032	2212	2230	2079	2283	2035	2006	2428	1925	2050	2270	2164	2101	2121	2149	2102	2046	2257	2188	2128	1916	2072	2043	2031	2208	2231	2224	2343	2131	2100	2135	2212	2271	2240	2135	1890	2114	2299	2090	1944	2002	1715	2164	1993	2161	2209	2173	
1844	1920	1795	1932	1919	2090	1783	2035	2067	1815	1686	2117	1860	1460	1922	1734	1361	1835	1456	1889	1989	1440	1994	1873	1474	1991	1735	1922	1486	1992	1634	1977	1793	1843	1997	2003	1868	1802	1940	1824	1871	1761	1792	1753	1745	1717	1614	1704	1703	1833	1811	1493	2086	2087	1909	1999	1951	2002	1790	2012	2013	1846	1829	2128	1790	1824	1739	1876	1743	1714	2086	1900	1586	1738	1897	1925	1778	1750	1981	2066	1888	2046	1829	1890	1858	2007	1947	1711	1687	1718	1977	1846	1577	1799	1696	1901	1704	1844	1999	2009	
2316	2165	2341	2186	2106	2397	2075	2320	2223	1957	2032	2270	2147	2034	2423	2240	1660	2326	1868	2098	2266	1812	2341	2083	1694	2396	2089	2044	1877	2168	2209	2224	2137	2161	2294	2341	2208	2297	2272	2513	2299	2307	2306	1969	2061	2093	2086	2088	2247	1982	2194	1915	2357	2186	2289	2332	2248	2363	2258	2172	2310	2198	2172	2316	2055	2200	2227	2260	2363	2067	2289	2191	2004	1933	2233	2172	2273	2198	2391	2314	2291	2331	2158	2314	2191	2354	2350	2121	1798	1989	2353	2246	1872	2135	1915	2150	2048	2228	2180	2351	
2092	2086	1909	1719	1784	2009	1871	1893	1954	1675	1605	2152	1780	1792	2100	1844	1451	1921	1709	1794	1831	1686	1913	1918	1618	2033	1815	1803	1714	1936	1855	1786	1705	1779	1950	2074	2008	1726	1968	2316	2092	1880	2004	1617	1772	1621	1925	2079	1901	1906	1889	1530	1962	1815	1999	1946	1849	2082	1688	1905	2129	1820	2000	1879	1871	1974	1820	2037	1874	1829	2195	1789	1591	1745	1835	1808	1869	1614	1978	1926	2011	2018	1775	2005	1870	2005	1963	1753	1536	1870	2015	1969	1574	1903	1694	1912	1824	1975	1769	1807	
1936	1996	2056	1879	1836	2034	1862	1954	2094	1693	1727	1999	1771	1634	1983	1923	1356	1924	1745	1735	1937	1540	2170	1795	1509	2009	1940	1804	1604	1933	1869	1996	1854	1782	1986	2024	2029	1802	1848	1941	1799	1846	1993	1647	1743	1620	1729	1755	1799	1838	1781	1469	2024	1921	1948	1891	1807	2114	1728	1908	1902	1948	1934	2019	1825	2114	1856	1923	1903	1848	2121	1883	1811	1543	1912	1763	1729	1723	1951	1984	2030	1986	2019	1886	1978	2093	2074	1673	1628	1840	1965	1857	1640	1823	1657	1935	1777	1875	1919	1923	
2001	1896	2049	1791	1966	2020	1838	1922	2003	1694	1802	1941	1861	1670	1988	1983	1473	2012	1676	1785	2031	1789	2101	1957	1649	2044	1897	1896	1672	1887	1914	2112	1760	1941	1947	2020	1955	1973	1997	2160	1897	1838	2037	1710	1835	1895	2039	1898	1828	1951	1971	1738	2058	2098	2041	2052	1936	2056	1873	1903	2253	1936	1977	2017	1862	1959	1919	1860	2048	1748	2088	1825	1656	1791	1803	1750	1729	1829	2126	2136	2096	2002	1950	1938	2159	2078	1958	1929	1707	1925	2003	1830	1674	1925	1604	1933	1897	2173	1948	1824	
2172	1873	2229	1883	1742	2053	1823	1887	2062	1845	1778	2218	1721	1719	2118	1827	1572	2085	1743	1843	2110	1746	2208	1910	1684	2092	1831	1780	1774	1866	1823	2092	1859	1907	2083	2040	2158	1912	1885	2273	2231	2053	2192	1754	1892	1961	1913	1976	1844	1947	1983	1697	2127	2137	2089	2176	1941	2071	1823	2052	2218	1854	2066	1987	1998	2034	1930	2007	2265	1982	2189	1923	1790	1849	1861	2048	1884	1951	2130	2079	2078	1938	2005	2119	2102	2140	1935	1989	1737	1837	1930	1843	1757	1941	1763	2101	1732	1980	2000	1939	
2234	2338	2172	2142	2100	2199	1982	2110	2277	2041	1958	2380	2040	1744	2316	2109	1426	2263	1675	2131	2334	1767	2322	2122	1923	2209	1984	2013	1862	2067	2081	2263	2055	2052	2155	2405	2289	2318	2194	2463	2141	2081	2390	2030	2024	2094	2177	1915	1836	2242	1886	1722	2181	2364	2125	2078	2108	2323	2181	2117	2632	2130	2137	2279	2257	2151	2095	2107	2184	1938	2318	2152	1978	1937	2008	1958	2221	1950	2361	2217	2254	2184	2109	2303	2300	2332	2143	2015	1880	2012	2291	2207	1827	2092	1829	2158	1979	2223	2265	2113	
2223	2181	1996	2052	2041	2275	1883	2262	2078	1908	1968	2257	1958	1759	2189	1929	1748	2210	1752	2051	2171	1694	2267	1971	1668	2163	2026	1933	1833	2088	2000	2105	2107	1976	2206	2162	2090	2019	2214	2382	2161	1992	2235	1781	1993	2056	2116	1879	1936	1956	2168	1764	2065	2223	2138	2139	1850	2277	1938	2172	2251	1998	2190	2141	1893	2035	2047	2100	2132	1902	2134	2160	1830	1999	1995	2107	1983	1994	2110	2214	2181	2282	1970	1997	2183	2138	2095	2058	1755	1897	2235	2035	1618	1860	1831	2024	1782	1997	2213	2090	
2095	2118	2204	1982	2122	2181	1914	2175	2352	1848	1786	2223	1923	1776	2235	2132	1476	2177	1770	2084	2202	1786	2351	2138	1778	2266	2214	2106	1816	2190	2193	2201	2121	2134	2142	2136	2193	2014	2144	2186	2124	2123	2242	1833	2021	2187	2091	1947	2053	2046	2085	1775	2160	2086	2353	2261	2039	2272	2066	2142	2497	2130	2094	2347	2211	2227	2058	2254	2242	2067	2283	2184	1819	1978	2035	2055	2071	2150	2233	2219	2266	2202	2080	2125	2236	2322	2135	1956	1704	1876	2125	2011	1739	2107	1737	2096	1949	2230	2122	2153	
2199	2204	2256	2112	2172	2220	2088	2033	2290	1981	1863	2367	2090	1811	2273	1979	1524	2328	1850	2175	2258	1771	2323	2080	1762	2167	2077	2026	1881	2062	2056	2103	2109	2205	2138	2204	2090	2205	2120	2300	2108	2185	2226	1979	1842	2046	2092	2012	2098	2159	2102	1761	2313	2241	2072	2205	2092	2336	2130	2244	2330	2160	2078	2141	2196	2190	2153	2182	2168	1846	2369	2151	1961	1815	2127	1967	2068	2038	2234	2340	2179	2129	2236	2238	2200	2319	2197	2015	1924	1959	2239	2097	1687	2053	1789	2103	2035	2202	2195	2243	
2041	1954	1925	1858	1798	2110	1930	1900	1935	1860	1787	2014	1754	1822	1967	1794	1357	2009	1654	1931	2019	1576	2013	1893	1541	2033	1696	1743	1568	1902	1872	2008	1848	1786	1883	1972	2036	1917	1913	2045	1908	2062	1989	1711	1848	1814	1779	1856	1935	1946	2000	1554	2050	1998	1817	2036	1759	2117	1866	1942	2181	1970	1921	2108	1906	1980	1949	2034	1826	1700	2227	2055	1746	1589	1707	1871	1986	1867	2047	2176	2173	1968	1922	2015	1953	2064	1953	1882	1640	1712	2037	1914	1748	2001	1715	1963	1783	1868	1848	1952	
2096	2003	2134	1858	1906	2287	2050	1957	2081	1830	1843	2259	1871	1883	2091	2014	1360	2158	1704	1966	2235	1718	2306	2005	1669	2332	2147	1960	1892	1958	2068	2033	2139	2110	1990	2130	2175	2146	2050	2328	2062	2025	2171	1705	1885	2028	2035	2035	2060	2025	2086	1785	2261	1894	2158	2101	1951	2142	2014	2168	2280	2089	2183	2179	2060	2257	2078	1999	2035	1868	2267	2090	1924	1908	1911	1928	2065	1868	2054	2247	2131	2020	2129	2047	2160	2124	2133	1975	1766	2032	2074	1916	1723	2070	1677	2122	2016	2243	1991	2161	
2055	1993	2156	1894	1891	2105	1987	1949	2090	1997	1790	2098	2000	1753	2183	1969	1373	1984	1618	2022	2008	1815	2096	1933	1652	2193	1864	1904	1783	1989	1873	2159	1956	1929	1920	2055	1911	1943	1952	2127	2043	1958	2094	1677	1942	1845	1963	1913	1967	1969	1976	1777	2255	2109	2210	2130	1967	2074	2086	1979	2198	1982	1929	2209	1904	1945	1938	2057	2040	1890	2340	2083	1936	1777	1958	1977	2009	1862	2083	2041	2269	2122	2059	2018	1985	2070	2017	1999	1797	1757	2019	2062	1807	2062	1816	2000	1882	2158	1979	1963	
2186	2347	2211	2014	2047	2219	2208	2300	2443	1942	2003	2377	1994	1907	2229	2041	1600	2299	1862	2003	2156	1734	2424	2179	1812	2300	2267	2072	1774	2303	2031	2265	2067	2215	2197	2339	2287	2145	2254	2362	2190	2270	2086	1955	2051	2005	2166	2243	2071	2100	2148	1885	2383	2188	2187	2471	2229	2285	2129	2196	2444	2208	2202	2353	2044	2291	2042	2097	2095	2141	2272	2124	1923	1770	2099	2239	2125	2084	2248	2405	2293	2215	2140	2156	2318	2238	2175	2038	1790	2214	2129	2097	1672	2152	1766	2150	2099	2233	2171	2145	
2352	2319	2215	2164	2116	2425	2144	2177	2277	1895	1956	2398	2078	2048	2417	2182	1826	2287	1819	2114	2366	1880	2443	2220	1933	2442	2133	2174	2004	2198	2190	2300	2056	2153	2292	2335	2374	2203	2219	2591	2355	2240	2437	1918	2183	2289	2209	2087	2178	2224	2279	1769	2233	2308	2246	2251	2215	2368	2137	2206	2464	2165	2137	2296	2117	2073	2098	2265	2201	1934	2440	2289	2065	2092	2115	2117	2272	2028	2343	2267	2321	2310	2181	2214	2442	2362	2219	2075	1843	2040	2330	2318	1719	2169	2134	2152	2058	2377	2130	2188	
2133	1924	2065	1963	1807	2107	1962	2024	2223	1970	1779	2019	1724	1805	2283	1956	1553	2026	1812	2017	2060	1844	2063	1894	1815	2142	1940	1936	1853	1945	2122	2249	1866	1991	2155	2067	2259	1943	1943	2331	2204	1933	2096	1803	2078	1746	2004	1962	1986	1964	2119	1777	2144	1943	2145	2107	2010	2269	1926	1774	2310	1905	1983	2123	1963	2066	2061	1970	2141	1873	2293	2081	2071	1797	1879	1910	1905	1911	2111	2027	2247	2104	2149	2019	2216	2327	2127	1948	1772	1951	2198	1997	1569	1998	1711	2145	1870	2006	2033	1899	
1874	1916	2039	1804	1865	1927	1862	1830	1923	1850	1860	1957	1848	1751	1958	1799	1284	1861	1657	1824	1913	1664	1987	1881	1373	2292	1764	1914	1744	1923	1821	1975	1802	1844	1854	2021	1988	1923	1888	2171	1996	1900	1891	1688	1768	1685	1897	1882	1884	1883	1893	1649	2140	1889	2180	1984	1770	2076	1886	1826	2086	1848	2075	2023	2037	1973	1848	1849	1909	1830	2167	1867	1770	1643	1743	1754	1999	1879	1960	1973	2218	1848	1996	2058	1816	1996	2008	1784	1701	1794	2040	1941	1718	1931	1550	1943	1881	2051	1872	1877	
2165	2182	2194	2232	1977	2201	2145	2221	2330	2050	2067	2081	2114	1998	2297	2020	1649	2202	1903	2070	2309	1797	2332	2236	1897	2521	1879	2090	1949	2019	2165	2482	1936	2093	2150	2354	2249	2191	2180	2369	2363	2293	2262	2012	2208	1986	2175	2196	2148	2260	2322	1997	2410	2401	2246	2499	2046	2458	2231	2228	2483	2095	2171	2338	2249	2134	2169	2224	2315	1943	2386	2249	2017	1996	2128	2128	2136	2137	2475	2552	2463	2158	2315	2214	2207	2287	2192	2199	1808	2006	2382	2177	1749	2196	1847	2185	2268	2259	2034	2161	
2227	2198	2329	2263	1993	2166	1934	2101	2305	2013	2045	2211	1929	1957	2147	2068	1549	2265	1770	2053	2219	1714	2151	2159	1776	2430	1959	1979	1845	2273	2072	2209	2198	2181	2063	2166	2114	2081	2198	2409	2195	2453	2289	2064	2183	2117	2124	1940	2037	2157	1997	1752	2128	2140	2166	2348	2076	2270	2205	2202	2388	2125	2120	2362	2142	2224	2167	2260	2162	2024	2313	2204	1915	1764	2248	2123	2332	2127	2255	2293	2298	2031	2082	2126	2237	2212	2168	2117	1700	1897	2288	2098	1852	2180	1737	2061	1890	2336	2168	2206	
2166	2189	2194	2099	2027	2100	2011	2149	2273	2015	1988	2197	2003	2005	2256	2044	1648	2244	1761	2036	2126	1756	2206	2155	1830	2289	2014	1940	1828	2024	2090	2161	2048	2067	2048	2301	2074	2095	2090	2372	2184	2093	2237	1948	2075	2027	2213	1877	2072	1966	2328	1885	2187	2268	2282	2308	1979	2315	1971	2162	2325	1987	2141	2332	2061	2024	2244	2087	2239	2022	2412	2208	1851	1963	2103	2229	2248	1864	2258	2346	2261	2067	2094	2174	2256	2108	2049	1963	1698	2029	2161	2108	1767	2281	1791	2156	1997	2186	2082	2184	
2618	2420	2328	2272	2196	2551	2290	2322	2386	2211	2103	2485	2206	2009	2306	2207	1806	2372	1946	2259	2514	1888	2576	2294	1756	2533	2165	2144	1933	2421	2142	2328	2262	2098	2365	2458	2320	2248	2179	2538	2335	2337	2354	2089	2227	2120	2326	2148	2116	2367	2234	1976	2489	2454	2395	2432	2105	2514	2219	2248	2432	2176	2452	2366	2297	2275	2183	2250	2445	2161	2421	2344	2246	2058	2141	2207	2199	2086	2439	2247	2698	2593	2376	2408	2523	2715	2419	2249	2064	2166	2631	2341	1942	2121	1993	2377	2122	2326	2409	2261	
2262	2125	2279	2118	2128	2444	1967	2182	2257	2052	1936	2319	2121	1871	2280	2123	1686	2251	2025	2110	2237	1831	2370	1960	1882	2284	2053	2058	1880	2163	2228	2364	2152	2311	2159	2246	2252	2108	2143	2456	2241	2085	2243	1976	2059	2008	2230	2007	2026	2218	2313	1866	2213	2307	2170	2354	2144	2491	2200	2130	2354	2020	2232	2257	1971	2126	2146	2176	2250	1884	2370	2144	1892	1823	2095	1997	2200	2196	2295	2490	2393	2246	2300	2241	2304	2332	2296	2222	1831	2006	2308	2248	1735	2141	1896	1997	1951	2235	2213	2153	
2286	2201	2129	2082	2145	2324	2116	2190	2314	2158	1968	2282	2106	1829	2398	2077	1549	2203	1834	2126	2280	1873	2256	2005	1812	2256	1960	2001	1950	2049	2012	2273	2058	2082	2246	2285	2214	2164	2155	2220	2201	2262	2301	1905	2155	1981	2159	1977	1903	2219	2121	1877	2172	2409	2251	2337	2032	2411	2112	2176	2472	2167	2158	2206	2018	2098	2174	2243	2267	1923	2339	2194	2046	1893	2144	2046	2040	1945	2377	2260	2407	2291	2192	2178	2210	2334	2252	2105	1821	1980	2242	2241	1668	1987	1787	2075	2025	2194	2212	2066	
1936	2006	2084	2033	1916	1977	1876	2069	2250	1970	1820	2207	1866	1862	2047	2063	1545	2079	1808	1951	2208	1731	2085	1983	1569	2178	2001	1997	1792	1841	2081	2112	1928	1955	2038	2069	2141	2051	1943	2119	2122	2023	2191	1899	1912	1841	1995	1776	1823	1911	2125	1728	2068	2178	2044	2194	2013	2308	2063	1962	2235	2030	2085	2008	2044	2190	2098	1935	2042	1918	2276	1952	1760	1815	1900	1888	1988	1970	2049	2194	2270	2006	2014	2122	2140	2325	2060	1904	1665	1655	2227	1981	1728	1911	1812	2158	1860	2001	2009	2006	
2480	2355	2491	2359	2078	2466	2166	2262	2501	2252	2112	2502	2115	1984	2629	2270	1649	2448	1950	2219	2604	1984	2468	2122	2020	2528	2273	2247	1953	2290	2313	2444	2271	2271	2287	2277	2309	2302	2303	2558	2317	2438	2476	2071	2227	2242	2309	2109	2338	2362	2307	2061	2449	2461	2504	2521	2529	2572	2421	2277	2714	2384	2375	2389	2307	2393	2345	2311	2460	2169	2542	2342	2203	2122	2293	2267	2329	2181	2382	2314	2422	2302	2315	2263	2535	2473	2250	2223	2062	2125	2473	2498	2092	2280	2170	2376	2116	2498	2372	2269	
2000	2025	2181	1948	1952	2098	2037	2028	2144	1893	1654	2242	1897	1769	2259	1950	1499	2087	1726	1931	2128	1587	2120	1824	1817	1992	2027	1905	1567	1978	2052	2159	1797	1935	2068	2144	2127	2062	1924	2330	2017	1905	2117	1791	1908	1720	1865	2023	2003	2150	2071	1580	2256	1949	2127	1980	2235	2387	1938	2006	2287	2044	1997	1886	2000	2030	1987	2035	2047	1816	2314	1965	1916	1837	1848	1886	1886	1817	2012	2121	1991	1908	2051	2169	2145	2205	2110	1854	1826	2018	2032	2140	1641	1957	1846	1946	1903	1943	1962	2136	
1825	1852	1752	1756	1861	1886	1833	1854	1834	1750	1736	1925	1692	1660	1885	1687	1389	1799	1553	1748	1946	1479	1863	1698	1376	1941	1772	1631	1635	1811	1691	1886	1638	1743	1872	1926	1878	1783	1859	1845	1857	1848	1813	1526	1645	1567	1799	1732	1701	1733	1680	1630	1903	1789	1925	1947	1607	1838	1842	1911	1963	1779	1834	1905	1688	1763	1673	1939	1751	1603	2078	1730	1747	1527	1636	1768	1702	1758	1909	1971	1884	1739	1824	1996	1871	1991	1905	1811	1562	1620	1953	1692	1487	1673	1493	1802	1752	1810	1766	1793	
2294	2227	2181	2084	2158	2186	2206	2207	2187	2068	1951	2280	2048	1901	2314	2211	1579	2127	1840	2065	2358	1820	2326	1944	1796	2553	2098	1954	1872	2223	2040	2219	2042	2137	2043	2290	2114	2000	2047	2380	2115	2261	2195	1833	2084	2049	2195	2089	2018	2073	2211	1767	2206	2241	2459	2265	2089	2236	1976	2229	2446	1974	2112	2300	2016	2194	2206	2232	2224	2067	2378	2325	1906	1897	2075	2067	2176	1912	2136	2430	2257	2136	2177	2098	2206	2058	2170	1983	1737	2037	2250	2185	1816	2100	1686	2186	1939	2218	1991	1993	
2183	2172	2203	1838	2011	2224	2107	2146	2244	1926	1800	2271	2016	1815	2270	2126	1565	2193	1639	2001	2260	1756	2342	2044	1787	2183	2103	2092	1768	2116	2069	2191	1882	2058	2220	2139	2129	2084	2054	2269	2059	2208	2408	1878	2082	1981	2122	2098	1979	2135	1980	1740	2175	2079	2150	2211	2227	2252	2000	2323	2323	2128	2039	2091	1967	2273	2036	2266	2288	1904	2338	2040	1874	1839	1988	2088	1955	1893	2150	2197	2134	2255	1956	2019	2280	2196	2140	2010	1768	2046	2146	2100	1747	2119	1978	2141	1901	2239	2031	2061	
1968	1890	1788	1702	1708	1877	1690	1780	1831	1725	1639	1745	1636	1460	2071	1681	1217	1972	1512	1686	1854	1543	1956	1668	1537	1800	1687	1524	1660	1703	1706	1661	1548	1816	1889	2001	1972	1879	1767	2012	1876	1740	1856	1601	1786	1667	1781	1660	1720	1686	1692	1515	1796	1960	1828	1918	1757	1923	1690	1690	2154	1832	1898	1957	1776	1700	1919	1792	1861	1585	1970	1732	1666	1700	1753	1777	1773	1709	1995	1883	2007	1830	1742	1740	1808	1935	1747	1624	1464	1744	1909	1771	1470	1679	1447	1693	1824	1887	1719	1636	
2156	2078	1953	1994	1838	2039	1911	1917	2017	1800	1804	2010	1684	1716	2072	1871	1432	2087	1604	1898	2167	1592	2137	1998	1807	2148	1835	1708	1655	1933	1975	2084	1916	1856	1876	1995	2099	2120	1904	2007	2009	2025	1991	1822	2019	1934	2050	1956	1842	1933	1868	1684	2015	1994	1945	2081	1957	2038	2045	1977	2414	2051	1962	2178	2039	1915	2015	2023	1933	1808	2055	1963	1814	1984	1820	2037	1990	1912	2129	2244	2091	1872	1952	1974	2266	2320	2070	2108	1796	1855	1939	1920	1731	2029	1781	1965	1841	2030	1876	1900	
2284	2036	2175	2176	1943	2155	1950	2002	2219	2036	1929	2011	1844	1902	2201	2032	1678	2169	1695	1989	2200	1620	2066	2012	1746	2227	2021	1958	1818	2020	2035	2189	1961	1899	1997	2268	2065	2018	2023	2301	2041	2111	2076	1851	2099	1996	2025	1785	1957	2050	2075	1839	2130	2211	2183	2181	2030	2134	1987	1973	2219	1974	2099	2217	2002	1942	2020	2010	2204	1992	2256	1931	1966	1974	2032	2023	2029	1997	2241	2123	2208	1982	2049	2059	2224	2165	2086	2017	1865	1830	2266	1907	1834	1952	1641	2103	1905	2134	2188	2071	
1960	2044	2090	1804	1704	2129	1943	1965	2067	1919	1784	2113	1837	1706	2107	1886	1425	2064	1663	1725	2061	1653	2172	1833	1671	2219	1754	1832	1586	1883	2182	2124	1874	1810	2003	1940	2041	1859	1899	2129	2046	2115	2038	1753	1868	1878	2030	1991	1814	2039	1884	1639	2078	1892	1987	2151	2021	2140	1997	1947	2238	1920	2045	2050	1896	2064	1810	1887	1957	1762	1997	1946	1678	1713	1810	1953	2007	1895	2117	2138	2107	1907	2023	1876	2160	2074	1958	1926	1674	1864	2122	2134	1567	1859	1832	1881	1874	1939	1706	1861	
2224	2189	2217	2171	2000	2276	1844	2086	2375	2004	1876	2327	2019	1890	2177	2172	1589	2266	1808	2108	2339	1760	2343	2093	1769	2331	2034	2152	1842	2305	2088	2337	2238	2089	2152	2257	2229	2059	2123	2377	2122	2167	2276	1910	2194	2079	2087	1977	2125	2184	2077	1815	2161	2213	2230	2192	2225	2346	2076	2314	2274	2087	2104	2244	2202	2251	2087	2201	2153	2104	2392	2147	1878	1992	2198	2125	2301	2039	2178	2319	2362	2084	2119	2241	2309	2184	2153	1956	1704	2021	2207	2198	1838	2252	1972	2178	1865	2320	2170	2385	
1946	1965	2101	2003	1891	2172	1943	1898	2049	1812	1872	2055	1800	1731	2124	1957	1435	1992	1709	1880	2213	1647	2142	1951	1764	2139	1950	1896	1597	1991	2054	2274	1863	1955	1950	1916	2031	1967	1848	2172	1933	2017	2081	1683	2032	1884	1939	2024	1961	2113	1949	1773	2266	2016	1950	2104	2036	2083	1928	1941	2237	1964	1939	2102	1935	2059	1861	2117	2097	1877	2216	1902	1830	1900	1995	1928	1999	1913	2097	2279	2244	2080	2148	1938	2200	2244	1988	1923	1649	1927	1999	1862	1663	1965	1726	1883	1887	2012	1832	1913	
1913	1762	1930	1754	1767	1977	1827	1842	1962	1634	1645	1903	1715	1555	2013	1828	1353	1787	1516	1853	1855	1521	2072	1792	1337	2124	1732	1837	1621	1867	1691	1908	1710	1809	1778	2038	1880	1812	1815	2073	1827	1765	2045	1576	1709	1738	1929	1854	1784	1793	1934	1562	1878	1915	1990	1846	1701	2116	1758	1849	1914	1738	1856	1883	1829	1952	1768	1886	1879	1709	2099	1837	1578	1659	1533	1668	1826	1675	1766	1913	2021	1812	1892	1877	1894	1941	1918	1586	1381	1565	1894	1860	1638	1815	1638	1819	1777	1929	1861	1952	
2376	2388	2356	2274	2223	2317	2196	2387	2301	2192	2191	2277	2185	2131	2339	2279	1638	2236	1875	2247	2409	1925	2448	2234	1772	2532	2275	2105	1869	2169	2291	2415	2086	2238	2391	2362	2389	2316	2309	2514	2263	2186	2402	1991	2165	2138	2381	2071	2326	2038	2441	2100	2516	2281	2515	2400	2247	2328	2143	2112	2416	2121	2344	2309	2180	2335	2314	2233	2333	2165	2440	2239	2047	1963	2241	2104	2194	2166	2298	2477	2395	2290	2182	2247	2413	2415	2302	2175	1992	2142	2365	2382	2028	2317	1857	2183	2168	2290	2311	2151	
2116	2253	2074	2153	1976	2279	1880	2327	2397	2050	1905	2358	1857	1941	2326	2030	1627	2124	1742	2076	2173	1955	2235	2108	1859	2244	1989	2050	1913	2055	2104	2068	2137	2070	2210	2180	2208	2048	2184	2366	2203	2155	2209	1760	2071	2089	2210	1967	1996	2020	2102	1914	2172	2072	2241	2088	2195	2319	2108	2048	2355	2241	2154	2151	2092	2143	2205	2160	2121	1929	2405	2106	1889	2010	2106	1916	2218	1884	2241	2126	2375	2185	2057	2352	2288	2178	2115	1833	1838	1942	2329	2248	1726	2021	1947	2072	1922	2346	2135	2189	
2013	2073	2249	2058	1890	2074	2025	2240	2094	1961	1892	2129	1790	1915	2079	1960	1644	2161	1788	1993	2034	1752	2068	2001	1560	2195	1991	1887	1773	2072	1906	2241	1970	1987	2004	2165	2056	1977	2031	2198	2053	2075	2034	1814	2099	1773	2108	1963	2112	2030	2237	1920	2236	2087	2097	2182	1976	2231	2007	2115	2256	2055	2154	2094	2114	2094	2089	2100	2146	1970	2339	2035	1805	1834	1917	2030	2044	1957	2112	2271	2384	1896	2036	2085	2151	2192	2073	2036	1757	1917	2153	1966	1805	2053	1741	2159	1941	1997	2084	2093	
2133	2170	1925	1913	1963	2169	1909	2067	2158	1961	1837	2220	1815	1665	2003	1797	1540	1976	1679	1869	2120	1554	2186	1926	1736	2077	1851	1761	1666	1948	1798	2109	1769	1838	2080	2111	2044	2026	2062	2151	2056	1931	1870	1866	1873	1700	1944	1815	1664	1884	1977	1639	2010	2171	1975	1993	1986	2209	1997	1805	2244	1895	1895	1971	1944	1877	1802	1883	2036	1724	2240	1823	1893	1849	1841	1812	1895	1832	2172	2047	2132	1932	1913	2087	2067	2124	2057	1893	1533	1893	2098	2030	1572	1967	1698	1835	1901	1904	2011	1919	
2331	2142	2421	2185	2106	2288	2232	2211	2309	2063	2075	2372	2006	2004	2399	2207	1594	2248	1748	2152	2137	2001	2351	2294	1876	2439	2143	2034	2021	2352	2164	2381	2011	2091	2339	2317	2451	2137	2208	2359	2287	2305	2204	1950	2162	2208	2188	2187	2213	2223	2255	1879	2301	2298	2279	2415	2276	2347	2191	2119	2457	2209	2161	2399	2275	2366	2222	2335	2215	2186	2431	2256	2047	1987	2172	2154	2195	2037	2323	2214	2544	2226	2246	2257	2395	2485	2342	2100	1975	2055	2297	2348	1935	2263	1893	2228	2089	2303	2166	2132	
2009	2070	2006	1861	1805	1956	1848	1961	2022	1804	1859	1979	1808	1793	2164	1849	1411	2068	1664	1891	1996	1714	2059	1982	1660	2068	1838	1868	1716	1774	2035	2017	1755	1922	1992	2192	2093	1948	1805	2217	2065	2121	1989	1757	1842	1912	2097	2003	1694	1898	1974	1689	2019	2005	2112	2138	1864	2156	1954	1777	2168	2067	2072	2099	1931	1909	1866	2000	1971	1809	2028	1937	1750	1788	1816	1975	2187	1836	1953	2089	2223	1899	1882	2072	2108	2103	2072	1814	1685	1831	2043	2070	1577	1902	1711	1896	1899	1858	1771	1977	
2061	2150	2195	2048	1905	2176	2027	2009	2350	1826	1870	2137	1979	1842	2274	2060	1401	1916	1725	2009	2039	1746	2243	2079	1675	2123	2028	2135	1796	2013	1887	2161	1975	1933	2119	2117	2089	2054	2092	2381	2165	2098	2233	1764	1938	1931	1890	1911	2000	2070	2049	1762	2051	2071	2182	2124	2006	2251	2035	1982	2209	2084	1846	2026	2172	2156	1995	2097	2088	1798	2355	2143	1863	1830	1949	1833	2010	1924	2059	2099	2232	2113	2273	2034	2141	2081	2034	1814	1735	1856	2129	2120	1784	2109	1755	2118	1906	2080	2043	1916	
2239	2189	2126	1915	1929	2133	2044	2283	2225	1983	1874	2258	1965	2089	2354	2025	1732	2232	1802	1996	2092	1770	2342	2036	1721	2298	2227	2001	1847	2026	2155	2213	1979	1994	2086	2306	2193	2093	2014	2188	2083	2218	2103	2005	1868	1836	2006	2158	2008	1849	2175	1862	2359	2072	2216	2173	2127	2424	2022	2097	2121	2093	2225	2196	2037	2166	2239	2158	2249	1943	2200	2129	1970	1923	1971	2053	2046	1898	2327	2256	2228	2146	2047	2357	2173	2301	2291	2034	1778	2026	2333	2133	1816	2172	1895	2335	1987	2160	2101	2126	
2086	2008	2048	1968	1931	2096	1793	1889	1984	1903	1723	1962	1731	1850	2133	1840	1367	2085	1647	1897	2034	1668	2105	1839	1633	2023	1865	1658	1562	1808	1822	1873	1746	1862	2054	1867	2080	1993	1869	2143	2107	1779	1915	1736	1877	1815	1891	1658	2019	1929	1884	1648	1990	1863	1984	2126	1903	2016	1944	1647	2113	1875	2038	2116	1965	2037	1921	1799	1811	1822	2123	1890	1968	1768	1927	1876	1844	2001	2125	1991	2034	1893	1842	1893	2103	2278	1958	2007	1655	1857	2184	1862	1691	1981	1675	1950	1738	1930	1977	1788	
1836	1824	1877	1828	1849	1969	1779	2010	1962	1747	1692	2008	1772	1563	1983	1942	1353	1883	1576	1847	1998	1605	2076	1849	1632	2101	1828	1880	1763	1889	1878	1951	1746	1929	1971	2001	1932	1999	1876	2117	1911	1808	2050	1769	1866	1705	1864	1871	1814	1828	1936	1731	1902	1791	1905	1793	1893	2072	1700	1892	2094	1744	1857	1993	1868	1898	1905	1913	1899	1582	2129	1886	1674	1638	1739	1768	1850	1712	1967	2087	2067	1938	1847	1922	2008	1973	2040	1771	1482	1887	1961	1871	1408	1892	1662	1911	1794	1932	1815	1791	
2404	2177	2178	2142	2200	2271	2118	2346	2347	2145	2041	2321	2046	2119	2330	2038	1748	2241	1808	2103	2248	1963	2385	2118	1849	2360	2088	2104	1959	2282	2225	2430	2156	2241	2207	2355	2444	2266	2273	2347	2201	2191	2118	2033	2111	2170	2265	2045	2163	2165	2282	2011	2265	2288	2350	2382	2215	2354	2246	2066	2552	2103	2274	2426	2233	2258	2296	2059	2237	1978	2469	2115	2013	2080	2132	2126	2089	2188	2324	2570	2428	2179	2316	2245	2476	2473	2399	2112	1932	2086	2202	2075	1862	2422	1841	2317	2004	2200	2316	2121	
2522	2385	2629	2337	2394	2688	2430	2405	2589	2241	2230	2450	2252	2185	2452	2353	1795	2600	2162	2384	2461	2009	2489	2420	2004	2419	2416	2373	1970	2415	2291	2555	2330	2421	2280	2388	2389	2408	2256	2597	2461	2412	2284	2131	2187	2208	2184	2323	2307	2387	2638	2067	2520	2441	2539	2580	2374	2663	2372	2346	2694	2362	2470	2456	2444	2446	2260	2417	2527	2121	2657	2411	2183	2317	2389	2250	2379	2414	2549	2695	2635	2320	2547	2433	2603	2527	2547	2428	1985	2179	2390	2361	1931	2455	1988	2357	2367	2379	2379	2364	
2203	2056	2105	2076	2018	2210	1995	2069	2181	2026	1920	2130	1897	1966	2267	1993	1533	2205	1700	2069	2317	1660	2251	1932	1685	2462	1855	2017	1894	2166	2011	2130	1916	2092	2077	2208	2248	2069	1948	2156	2164	2163	2140	1874	2244	2117	2148	1930	2000	2068	1939	1712	2258	2171	2265	2369	2165	2189	1972	2087	2411	2099	2144	2306	2051	2083	1956	2026	2193	1872	2163	2055	1969	1865	2116	2012	2167	2032	2295	2276	2276	2161	2003	2217	2214	2247	2122	1923	1795	1894	2205	2080	1748	2053	1841	1997	1988	2345	1958	2055	
2265	2167	2360	2158	1920	2263	2083	2178	2336	2124	1890	2331	1977	1992	2306	2139	1621	2268	1808	2109	2255	1739	2367	1987	1784	2360	2061	1881	1923	2125	2006	2298	2163	2166	2168	2266	2258	2204	2051	2396	2223	2219	2227	1916	2197	1975	2192	2044	2100	2168	1993	1921	2394	2059	2235	2388	2130	2223	2192	2120	2305	2081	2249	2195	2116	2358	2060	2081	2412	2079	2313	2168	2107	1814	2076	2116	2051	2069	2249	2282	2289	2107	2152	2201	2315	2234	2200	2178	1842	2057	2402	2108	1844	2177	1896	2115	1978	2166	2242	2082	
2127	2363	2264	2084	2280	2446	2159	2243	2295	1961	2068	2400	2167	2041	2206	2114	1635	2323	1875	2208	2273	1767	2455	2328	1772	2421	2196	2215	1791	2230	2271	2302	2060	2231	2215	2313	2320	2227	2329	2588	2346	2094	2379	2129	2047	2189	2257	2117	2149	2117	2254	1882	2348	2144	2335	2348	2187	2284	2151	2365	2521	2283	2256	2424	2212	2319	2092	2311	2164	1995	2426	2175	2049	2110	2220	2102	2249	2083	2396	2358	2437	2293	2126	2306	2335	2291	2320	1964	1813	2180	2382	2163	1802	2116	1935	2222	2174	2382	2368	2361	
2188	2101	2076	1896	1905	2207	1914	2075	2069	1945	2039	2199	1858	2066	2125	1912	1588	2172	1745	1980	2135	1781	2170	2001	1572	2187	1931	1982	1764	2086	1916	2143	2099	2088	2119	2096	2249	2141	1986	2453	2271	2116	2061	1752	1855	1922	1954	2093	2123	1952	2059	1678	2230	1923	2273	2271	1917	2224	2068	1993	2323	2047	2328	2167	2104	2024	2004	2034	2021	1864	2224	2106	1949	2003	1797	2068	2094	2173	2189	2288	2193	2047	2024	2192	2161	2254	2095	2191	1775	1750	2214	1979	1577	2123	1718	2018	2002	2115	2220	1965	
2136	2043	2075	1820	1949	2055	1904	2039	2020	1865	1807	2052	1771	1643	2141	1917	1558	2044	1680	1868	2011	1582	2051	1816	1609	2067	1939	1747	1733	1959	2003	2172	1851	1911	1890	2085	2099	1939	1908	2198	1960	1948	1910	1603	1902	1704	2021	1812	1823	1942	1724	1774	2012	2001	1882	2024	1899	2075	1988	1955	2145	1818	1986	2072	1830	2018	1888	1887	2115	1802	2142	1817	1750	1747	1778	1885	1832	1798	2056	2111	2243	2023	1950	2004	2008	2236	2054	1868	1642	1935	2025	1923	1591	1933	1689	1947	1762	1973	1844	1781	
2204	2164	2205	2033	1892	2048	1883	2254	2204	1919	1911	2039	1891	1907	2237	1892	1591	2222	1734	2074	2106	1690	2205	2037	1631	2194	2093	1927	1711	2023	2031	2179	1843	1983	2023	2091	2109	2187	2119	2333	2131	2019	2117	1998	1980	1775	1962	1911	2021	1961	2172	1715	2076	1980	2086	2120	1866	2356	2021	1957	2234	2082	2120	2099	2098	2169	2073	2053	2170	1991	2135	2047	2007	1840	1910	1931	1880	2003	2141	2115	2225	2096	2118	2271	2186	2264	2117	2027	1624	1994	2233	2051	1735	2085	1772	2134	1893	1979	2169	2044	
2100	2099	2064	1978	1891	2210	1906	1950	2131	1899	1798	2129	1846	1818	1909	1860	1404	1978	1643	1777	2005	1635	2122	2077	1673	2026	1780	1824	1634	1966	1865	2195	2015	1877	1943	2033	2129	1971	2047	2187	1986	2093	2132	1830	1867	1918	1935	1829	1983	1996	2013	1665	1951	1939	2034	2095	1949	2075	2043	1973	2296	1961	1963	2040	2089	1891	1910	2025	2085	1765	2213	2099	1815	1830	1866	1893	1902	1883	2237	2116	2086	2040	2019	2113	2195	2088	1973	1907	1704	1897	2029	1992	1607	1917	1771	1854	1813	2055	2071	1877	
2279	2387	2252	2011	2033	2411	2114	2220	2200	2002	2013	2459	2020	2095	2246	2075	1675	2332	1942	2181	2244	1898	2423	2123	1693	2386	2033	1951	1888	2199	2163	2331	2067	2077	2252	2204	2402	2146	2232	2444	2185	2103	2272	1940	1987	1995	2261	2191	2121	2156	2162	1901	2265	2088	2248	2276	2190	2296	2276	2142	2483	2299	2234	2154	2150	2246	1975	2333	2180	1912	2351	2099	2090	2038	2069	2074	2190	2086	2388	2350	2424	2210	2235	2413	2273	2505	2374	2188	1741	2017	2283	2120	1801	2064	1917	2048	2056	2268	2232	2164	
2329	2283	2407	2233	2198	2531	2187	2463	2397	2104	2185	2550	2155	1970	2496	2395	1754	2326	1910	2314	2499	1969	2527	2222	1844	2499	2290	2353	1956	2319	2228	2398	2328	2095	2394	2294	2316	2260	2282	2533	2276	2339	2468	2153	2193	2168	2099	2266	2258	2192	2328	1892	2419	2312	2459	2423	2277	2560	2121	2380	2497	2303	2334	2495	2212	2407	2364	2468	2255	2118	2469	2407	2072	2108	2075	2288	2224	2224	2354	2457	2377	2402	2324	2310	2470	2409	2392	2235	1973	1987	2503	2280	2054	2196	2047	2424	2016	2328	2371	2290	
2152	2159	2227	2274	2112	2230	2068	2283	2471	1978	2010	2364	1865	1998	2199	2073	1657	2140	1987	2158	2412	1718	2305	2074	1759	2418	2173	1945	1820	2080	2168	2237	2122	2129	2238	2290	2326	2175	2154	2345	2416	2177	2096	1942	2107	1919	2145	2046	2085	1890	2266	1861	2401	2284	2275	2378	1965	2305	2190	2035	2317	2146	2172	2348	2152	2199	2265	2184	2144	2025	2504	2108	2085	1942	2066	2077	2076	2102	2215	2340	2323	2064	2216	2355	2154	2455	2216	2050	1839	1972	2341	2075	1898	2057	1676	2246	2049	2017	2254	2279	
2112	2003	1959	2023	1976	2006	1950	2051	2161	1970	1914	2132	1739	1789	2119	1938	1390	1984	1627	1809	2072	1770	2124	1938	1568	2132	1809	1724	1753	2116	1856	2043	1816	1947	2175	2184	2144	1953	2063	2054	2147	2066	1938	1714	1966	1801	2014	1838	1958	1879	1902	1788	1932	2094	2124	2218	1909	2137	1941	1890	2185	1848	1894	2211	1884	1932	1989	1984	1904	1789	2292	1935	1763	1709	1903	2036	1961	1895	2149	2113	2172	1948	1962	2032	2096	2359	2049	1982	1622	1809	2081	1957	1663	2066	1615	1975	1908	2039	1797	1911	
2416	2247	2364	2176	2275	2385	2147	2229	2293	1917	2115	2359	2027	1947	2411	2125	1632	2209	1905	2179	2241	2030	2522	2243	1902	2382	2166	2166	2080	2229	2039	2316	2135	2095	2370	2367	2327	2211	2294	2523	2409	2425	2381	1809	2278	2160	2206	2242	2191	2315	2350	1982	2154	2402	2419	2385	2092	2383	2118	2200	2468	2210	2319	2369	2210	2324	2075	2394	2299	2171	2451	2236	2017	2081	2263	2239	2226	2112	2372	2402	2347	2394	2218	2196	2319	2262	2295	2204	1786	2296	2332	2315	1852	2224	1918	2160	2116	2438	2203	2109	
2321	2263	2238	2080	1971	2407	2135	2093	2362	2020	1856	2336	2095	1959	2305	2187	1622	2430	1913	2129	2448	1895	2323	2164	1911	2452	2042	1981	1928	2122	2133	2318	2049	2204	2257	2331	2385	2131	2152	2488	2399	2124	2182	1797	2271	2056	2213	2131	2126	2173	2325	1849	2477	2200	2372	2434	2046	2264	2059	2233	2639	2150	2184	2355	2184	2091	2259	2122	2240	1957	2472	2188	2029	2119	2239	2317	2222	2106	2373	2534	2226	2131	2262	2034	2315	2292	2271	2219	1725	2088	2144	2082	1743	2321	1903	2186	2129	2111	2077	2112	
1814	1854	1954	1654	1765	1792	1559	1791	1919	1728	1630	1851	1819	1542	2122	1714	1221	1862	1444	1665	1845	1574	2089	1709	1584	1989	1577	1724	1580	1759	1829	1826	1733	1686	1918	1968	2025	1748	1753	1986	1871	1961	1976	1659	1787	1764	1873	1683	1738	1962	1575	1590	1888	1941	1948	2044	1748	2075	1875	1743	1962	1830	1875	2125	1793	1864	1775	1764	1775	1741	2057	1708	1705	1441	1772	1972	1962	1710	2004	1961	1993	1869	1938	1798	1870	2082	1828	1629	1489	1743	2001	1939	1574	1893	1645	1719	1652	1958	1802	1772	
2141	2056	2183	1997	1793	2036	1817	2001	2192	1920	1808	2177	1824	1880	2223	1949	1393	2287	1786	2157	1993	1599	2164	1929	1764	2046	2194	1823	1675	1890	2165	2064	2027	1924	2013	2125	1990	1974	1968	2198	1963	2090	1965	1849	1898	1811	1995	1893	2014	1911	1970	1759	2220	2056	2098	2180	2081	2168	2096	1843	2343	2072	1954	2115	1919	2056	1945	2162	2084	1900	2133	2114	1976	1670	1939	1958	2036	1857	2193	2025	2289	1936	1919	2095	2109	2286	1951	2115	1769	1737	2168	2135	1810	2112	1700	1946	1899	2087	1999	1934	
2286	2172	2354	2131	2078	2185	1956	2222	2267	2108	1884	2196	1920	2051	2332	2168	1651	2145	1847	2063	2260	1736	2113	2116	1801	2474	2084	1864	1855	2129	2183	2330	2113	1963	2135	2377	2184	2133	2157	2430	2200	2273	2028	1876	2261	1961	2153	1972	2114	2067	2373	1954	2254	2232	2325	2311	2002	2491	2097	2010	2298	2077	2158	2280	2125	2161	2260	2059	2277	2034	2534	1967	1940	1969	2050	2141	2138	2063	2204	2325	2367	2031	2103	2136	2149	2292	2151	2220	1742	2039	2271	2139	1896	2298	1805	2155	2043	2121	2100	2156	
2186	2119	2207	2136	1932	2256	2015	2150	2172	2059	1906	2350	1980	1911	2245	2052	1583	2128	1762	1928	2194	1870	2340	1958	1643	2388	1912	1920	1863	2311	2014	2219	2080	1921	2218	2246	2199	1975	2122	2289	2069	2126	2203	1771	2131	1980	2100	1923	2020	2175	2019	1859	2278	2188	2438	2233	2026	2186	1961	2092	2433	2025	2211	2265	2020	2136	2123	2119	2033	2012	2372	2024	1892	1868	2021	2053	2009	1936	2236	2186	2314	2172	2209	2126	2239	2263	2226	1979	1756	1864	2190	2168	1875	2099	1689	2066	1944	2131	2134	1931	
2061	2087	2013	1935	2129	2111	1977	2347	2036	1950	1856	2174	1942	1742	2081	1897	1544	2073	1727	2068	1895	1698	2260	1961	1589	2223	1892	1836	1718	2101	2022	2085	1895	1966	2069	2190	2069	1988	2130	2220	1947	1890	2014	1744	1995	1829	2039	1935	1963	1896	1995	1565	2065	1980	2145	2061	2045	2145	1977	1995	2324	1880	2204	2183	1981	2184	1984	1990	1911	1925	2248	2064	1681	1802	1936	1833	1999	1876	2089	2182	2294	2134	2012	2136	1940	2097	2153	1749	1732	1877	2079	2151	1615	1969	1624	1796	1896	2053	1971	1991	
2144	1963	2040	2038	1911	2114	2054	2176	2189	1901	1937	2062	1897	1876	2258	1936	1525	2031	1834	1951	2100	1791	2150	2065	1603	2096	1823	1963	1816	2059	1952	2182	1941	2041	2040	2191	1967	1999	1886	2218	2099	2081	2143	1935	2035	1914	2066	1849	1960	1908	2216	1796	2103	2169	2181	2288	2009	2220	1906	2030	2136	1993	2143	2295	1911	2035	2106	2008	1995	1837	2308	2030	1869	1851	1968	2026	1991	1896	2154	2213	2273	2039	2062	2188	2250	2194	2117	1897	1666	1870	2175	2036	1709	2026	1733	2029	1815	2172	1971	2174	
2002	2005	2109	2085	1837	1999	1771	1908	2225	1826	1735	1995	1766	1721	2169	1916	1470	2136	1685	1837	2067	1542	2070	2011	1735	2180	1829	1746	1559	2058	2081	2317	1765	1902	1949	2099	2183	1935	2006	2133	2072	1990	2006	1876	1931	1931	1987	1779	1867	2082	1884	1774	2180	2023	2053	2154	2050	2070	2017	1960	2214	1858	1852	2216	2060	1956	2001	1922	1971	1812	2103	1833	1635	1858	2037	1803	1972	1901	2282	2240	2106	1830	1973	2129	2164	2243	1980	1732	1756	1891	2066	2015	1848	2027	1758	2034	1748	2052	1931	2039	
2184	2166	2347	2179	2110	2398	2042	2201	2208	2018	2074	2251	2052	1892	2320	2213	1683	2241	1732	2128	2111	1831	2129	2068	1678	2464	2127	2077	1821	2290	2163	2325	2066	2088	2165	2251	2159	2038	2200	2401	2123	2142	2116	1917	2024	2098	2179	2000	2202	2149	2200	1810	2402	2135	2382	2287	2122	2345	2099	2120	2366	2089	2223	2306	2153	2190	2161	2217	2234	2045	2135	2189	1840	1907	2162	2001	2187	2184	2334	2262	2315	2152	2215	2235	2325	2295	2254	2103	1885	1955	2370	2220	1767	2080	1831	2122	1960	2227	2266	2056	
2201	2130	2154	1970	2060	2248	1966	2004	2215	1846	1994	2114	1858	1805	2235	1786	1557	2050	1659	1979	2147	1766	2137	1927	1715	2064	2037	1923	1690	1987	1974	2174	1911	2101	2014	2213	2228	1892	1970	2279	2169	2023	2120	1766	1891	1769	2027	2025	1938	1972	2057	1706	1986	2143	1984	2166	2093	2162	1991	2062	2286	1918	2018	2128	1903	2086	1817	2129	2083	1749	2276	2061	1774	1797	1911	1926	1972	1980	2097	2177	2230	1972	2030	2045	2110	2137	2126	1927	1713	1948	2089	2069	1553	2060	1813	1907	1856	2066	1917	1911	
2364	2343	2293	2180	2237	2325	2208	2252	2551	2021	2143	2512	1992	2002	2367	2225	1726	2341	1857	2240	2382	2086	2362	2165	2075	2483	2172	2148	1962	2309	2213	2463	2044	2225	2369	2266	2437	2327	2321	2547	2435	2241	2366	2154	2202	2003	2275	2133	2144	2262	2399	1803	2379	2331	2445	2575	2252	2540	2213	2158	2647	2269	2151	2385	2225	2097	2251	2257	2375	2108	2396	2266	2220	1952	2265	2171	2273	2291	2531	2369	2347	2240	2248	2306	2449	2403	2358	2111	1985	2129	2401	2222	1729	2239	1928	2283	2020	2407	2391	2191	
2085	2207	2247	2011	1867	2066	2000	2134	2418	2049	1953	2310	1928	1709	2219	2160	1427	2268	1781	2077	2311	1712	2259	2059	1765	2328	2129	1986	1760	2033	2199	2365	2108	2049	2077	2218	2280	2141	1995	2232	2170	2223	2169	1953	2157	1896	2093	1883	1852	2118	2082	1897	2288	2108	2330	2350	2153	2277	2062	2109	2445	2077	2249	2193	2079	2179	2109	1992	2159	2029	2311	1975	1910	1827	2201	2062	2095	1910	2218	2391	2103	1982	2156	2050	2292	2317	2168	1995	1729	1924	2066	2161	1718	2170	1818	2060	1993	2195	2063	2087	
2598	2274	2504	2270	2342	2457	2262	2435	2429	2123	2147	2481	2171	2231	2442	2127	1800	2376	2081	2406	2358	2027	2556	2243	1947	2482	2290	2115	2042	2327	2178	2389	2201	2180	2416	2349	2408	2338	2448	2610	2573	2413	2400	1921	2262	2211	2419	2258	2422	2306	2397	2129	2367	2328	2483	2445	2258	2552	2338	2397	2607	2228	2296	2398	2417	2466	2342	2404	2486	2129	2538	2302	2152	1972	2215	2162	2316	2327	2527	2494	2446	2305	2402	2393	2440	2528	2355	2384	1916	2328	2375	2302	2071	2548	1967	2314	2119	2377	2356	2133	
2232	2109	2123	1950	2104	2340	1953	2105	2088	1929	2144	2239	1823	1849	2382	1990	1530	2095	1752	2040	2182	1805	2237	2003	1775	2360	2027	1958	1780	2114	2009	2178	1969	2118	2136	2149	2232	1922	2054	2314	2233	2215	2138	1985	1982	1887	1995	2161	2089	2095	2121	1813	2139	2210	2282	2375	2018	2327	1882	2110	2316	2056	2335	2411	1947	2087	1980	2192	2041	1941	2334	2039	1865	2030	2136	2153	2155	1931	2362	2390	2309	2101	2081	2100	2219	2288	2083	1942	1618	2026	2226	2199	1664	2025	1937	2062	1952	2378	2034	1958	
2220	2071	2295	2187	1938	2244	1849	2216	2342	2024	1831	2200	2034	1715	2190	2148	1652	2333	1825	2046	2352	1851	2223	2174	1772	2343	1906	2049	1774	2240	2044	2305	1977	2100	2195	2262	2366	2128	2006	2428	2387	2164	2416	1899	2209	1870	2069	2056	1993	2164	2013	1722	2349	2210	2280	2169	2188	2366	1953	2243	2399	2057	2295	2184	2197	2247	2180	2153	2263	2124	2324	2108	1803	1992	2082	2152	2144	1962	2168	2267	2242	2202	2026	2307	2254	2355	2180	2002	1780	2049	2234	2264	1828	2169	1958	2182	1997	2166	2039	2294	
2153	2165	2093	1997	1938	2243	2082	2334	2330	1816	2066	2384	1917	1788	2389	2196	1633	2154	1813	2008	2205	1894	2393	1962	1824	2221	2121	2012	1973	2113	2072	2177	2007	2248	2283	2200	2327	2185	2210	2321	2231	2089	2354	1832	2065	2074	2256	1966	2034	1921	2061	1848	2119	2265	2218	2283	2180	2272	2023	2197	2492	2175	2145	2297	1873	2165	2188	2216	2078	1880	2257	2039	2030	1780	2065	2119	2097	2011	2217	2329	2182	2135	2108	2104	2364	2317	2094	2002	1698	2054	2002	2188	1722	2120	1740	2034	1916	2224	2147	1926	
2405	2365	2253	2372	1948	2271	2104	2230	2391	2172	1984	2474	2057	1976	2353	2174	1606	2192	1855	2110	2357	1832	2288	2216	1776	2495	2018	2025	1742	2144	2109	2345	2167	2146	2256	2263	2357	2383	2282	2536	2307	2024	2471	2084	2277	2026	2280	2038	2218	2162	2265	2014	2277	2316	2259	2280	2185	2415	2214	2229	2572	2057	2265	2169	2194	2248	2390	2244	2234	2026	2554	2279	1965	2079	2094	2209	2044	2118	2300	2329	2295	2209	2145	2304	2346	2449	2312	2278	1874	1971	2236	2261	1985	2199	2023	2223	2019	2281	2268	2270	
2250	2107	2084	2068	2041	2114	1977	2129	2125	1936	1916	2246	1738	1694	2122	1944	1461	2092	1770	2010	2084	1669	2272	2025	1662	2303	2038	1863	1715	2161	1929	2128	1950	2119	1947	2140	2079	2194	2080	2362	1926	2064	2084	1832	2121	1960	2245	2052	1931	2002	1927	1891	2097	2099	1986	2081	2067	2164	2025	2068	2323	1872	2101	2086	1957	2279	1982	2102	2018	1956	2181	1942	1758	1727	1945	1856	1942	1882	1985	2267	2315	2066	2103	2055	2197	2304	2146	1946	1722	2058	2086	1957	1705	2069	1552	1880	1818	2178	2134	1966	
2177	2334	2233	2118	2107	2318	2206	2046	2312	2107	2152	2261	1960	2081	2325	2058	1594	2276	1832	2236	2329	1885	2318	2078	1773	2435	2189	1948	1762	2105	2096	2393	2002	2083	2166	2229	2307	2201	2240	2265	2237	2109	2201	2050	2002	1863	2092	2192	2052	2231	2192	1800	2330	2242	2262	2465	2111	2306	2069	2178	2505	2213	2203	2257	2142	2249	2178	2231	2199	1950	2342	2238	2010	1880	2121	2232	2143	2130	2336	2424	2304	2235	2223	2221	2244	2281	2269	2125	2006	2142	2429	2118	1857	2212	1811	2356	2265	2303	2265	2153	
2285	2217	2380	2312	2198	2334	2070	2274	2270	2036	1979	2332	2173	1862	2392	2159	1475	2259	1751	2262	2262	1548	2359	2130	1735	2398	2295	2149	1866	2257	2087	2186	2090	2067	2071	2301	2182	2186	2212	2333	2144	2157	2217	2053	2036	2101	2126	1902	2143	2263	2176	1809	2251	2264	2293	2235	2094	2244	1984	2212	2297	2121	2103	2238	2172	2092	2069	2208	2196	2063	2340	1961	1995	1923	2238	2000	2028	2028	2112	2265	2272	2223	2149	2232	2195	2265	2317	1963	1854	1983	2234	2293	1783	2094	1815	2068	2052	2193	2320	2218	
2302	2254	2236	2186	2153	2341	2182	2263	2388	2159	2010	2341	2125	1893	2439	2087	1712	2358	1908	2243	2498	1785	2222	2164	1926	2374	2052	2104	1879	2324	2183	2372	2035	2043	2139	2304	2187	2207	2126	2278	2270	2225	2311	2069	2142	1936	2192	2240	2107	2238	2081	1687	2432	2334	2312	2378	2301	2379	2155	2229	2586	2173	2330	2514	2172	2247	2160	2298	2110	2078	2486	2102	2121	2060	2131	2272	2180	2117	2394	2424	2314	2226	2273	2449	2408	2473	2261	2262	2082	1984	2321	2384	1984	2106	2054	2238	2039	2327	2292	2264	
